0.47,-0.18,0.03,-7.49,-2.24,1.35|0.02,-0.28,0.93,-8.31,4.66,-5.40|0.16,0.19,0.42,2.34,-7.75,-9.18
0.47,-0.18,0.02,-6.13,-0.74,-0.66|0.01,-0.27,0.92,-8.94,3.12,-5.28|0.16,0.19,0.42,1.76,-4.18,-3.44
0.47,-0.18,0.01,-6.08,0.68,-1.66|0.01,-0.27,0.93,-8.64,2.21,-4.73|0.17,0.19,0.42,0.67,-0.57,3.18
0.46,-0.18,0.02,-5.31,0.61,-2.31|0.01,-0.27,0.93,-8.18,3.25,-5.38|0.17,0.18,0.42,-0.99,1.05,7.28
0.47,-0.18,0.02,-5.01,0.89,-1.87|0.01,-0.28,0.93,-6.40,5.89,-5.65|0.17,0.18,0.42,-2.73,0.32,5.05
0.47,-0.18,0.02,-4.43,3.40,-1.86|0.01,-0.27,0.92,-6.30,7.71,-7.97|0.18,0.18,0.42,-3.72,-1.94,2.87
0.46,-0.17,0.01,-5.32,0.06,-1.01|0.02,-0.26,0.93,-5.03,8.03,-5.55|0.17,0.17,0.42,-4.81,-3.39,-0.98
0.47,-0.18,0.01,-6.30,-0.04,-1.00|0.01,-0.27,0.93,-5.14,6.48,-0.69|0.17,0.18,0.42,-5.68,-5.21,-4.85
0.47,-0.18,0.02,-6.31,-0.89,-0.08|0.01,-0.27,0.94,-3.67,6.73,-4.16|0.17,0.19,0.42,-5.69,-3.55,-1.54
0.46,-0.18,0.02,-4.32,1.15,-0.89|0.01,-0.27,0.93,-3.28,5.08,-1.38|0.17,0.18,0.42,-6.13,-3.29,-0.61
0.47,-0.18,0.02,-4.93,0.17,-1.07|0.02,-0.27,0.93,-3.17,3.13,3.79|0.17,0.18,0.42,-5.91,-2.81,-2.69
0.46,-0.18,0.02,-4.38,-1.19,-0.85|0.02,-0.28,0.93,-2.37,2.51,2.85|0.17,0.19,0.42,-5.75,-2.38,0.15
0.47,-0.18,0.03,-4.38,-2.73,-0.52|0.02,-0.28,0.93,-0.56,1.56,3.10|0.17,0.19,0.42,-7.02,-0.91,1.31
0.47,-0.18,0.02,-4.08,-2.85,-1.11|0.01,-0.28,0.92,0.87,0.68,-0.08|0.17,0.19,0.42,-7.24,-1.31,0.04
0.47,-0.18,0.02,-4.88,-2.73,-1.55|0.01,-0.28,0.93,1.24,-1.03,0.12|0.17,0.19,0.42,-6.88,-1.15,1.48
0.47,-0.17,0.02,-5.00,-2.42,-1.39|0.02,-0.27,0.93,0.47,-2.22,3.05|0.17,0.17,0.42,-4.05,-1.56,1.59
0.47,-0.18,0.01,-4.70,-1.31,-0.63|0.01,-0.28,0.93,-0.90,-2.08,1.50|0.17,0.18,0.41,-1.90,-0.18,0.24
0.47,-0.18,0.02,-4.24,-3.56,0.07|0.01,-0.27,0.93,-1.82,-0.61,-0.56|0.17,0.19,0.42,-2.51,0.48,3.45
0.47,-0.18,0.02,-1.88,-0.18,-1.14|0.01,-0.27,0.93,-4.27,-0.02,1.47|0.16,0.19,0.42,-1.92,1.43,7.37
0.46,-0.18,0.01,-0.64,1.44,-2.66|0.02,-0.26,0.93,-7.51,1.58,4.79|0.16,0.17,0.42,-0.07,-0.47,7.21
0.47,-0.18,0.02,-2.05,-0.92,-1.05|0.02,-0.28,0.93,-7.80,3.90,5.82|0.16,0.17,0.42,1.94,-0.89,0.01
0.47,-0.18,0.03,-1.32,-0.44,0.52|0.01,-0.28,0.93,-6.63,5.57,0.24|0.17,0.19,0.41,1.81,-0.92,-2.87
0.46,-0.18,0.03,-1.30,-2.81,0.60|0.02,-0.27,0.92,-5.27,3.44,1.79|0.16,0.20,0.42,-2.73,2.11,2.86
0.48,-0.18,0.03,-0.95,-5.98,-0.51|0.01,-0.28,0.93,-2.87,-0.29,7.90|0.16,0.19,0.43,-7.62,4.21,9.66
0.47,-0.18,0.02,0.00,-5.19,-1.89|0.02,-0.28,0.93,-1.34,-0.92,6.97|0.16,0.18,0.43,-10.56,4.08,9.36
0.47,-0.18,0.02,-0.34,-4.02,-2.60|0.01,-0.27,0.92,-0.11,-0.36,5.37|0.16,0.17,0.43,-9.24,2.08,8.09
0.47,-0.18,0.02,-0.88,-4.92,-1.96|0.01,-0.28,0.93,0.53,-1.01,6.25|0.16,0.18,0.43,-5.37,-0.59,3.56
0.48,-0.18,0.02,-1.26,-2.76,-1.81|0.01,-0.29,0.93,1.09,-2.58,5.95|0.17,0.18,0.43,-2.43,-2.95,1.53
0.47,-0.18,0.02,-1.85,-1.61,-1.80|0.01,-0.28,0.92,0.95,-2.88,3.28|0.16,0.19,0.43,-1.09,-4.66,-2.17
0.46,-0.18,0.02,-3.11,-1.01,-2.06|0.01,-0.28,0.92,-0.50,-1.89,2.67|0.16,0.19,0.42,0.22,-4.76,0.96
0.47,-0.18,0.02,-4.27,-0.44,-1.60|0.01,-0.29,0.93,-0.64,-0.51,1.07|0.16,0.18,0.43,0.75,-4.85,2.18
0.47,-0.18,0.02,-5.03,-0.05,-1.47|0.01,-0.28,0.92,-2.23,1.37,-1.04|0.16,0.18,0.43,-0.16,-5.68,1.06
0.47,-0.18,0.03,-3.60,0.60,-3.14|0.01,-0.27,0.92,-3.86,3.21,-0.80|0.16,0.18,0.42,-1.57,-5.84,-1.57
0.46,-0.18,0.02,-3.69,-0.57,-2.92|0.01,-0.27,0.93,-5.66,3.92,3.35|0.16,0.18,0.42,-3.84,-4.70,0.24
0.47,-0.18,0.03,-3.71,-0.86,-2.39|0.01,-0.28,0.93,-6.62,6.18,3.03|0.16,0.19,0.41,-6.42,-2.69,2.14
0.47,-0.17,0.02,-4.39,-0.15,-2.32|0.01,-0.28,0.93,-6.92,7.73,0.11|0.16,0.18,0.42,-7.66,-1.44,5.18
0.47,-0.18,0.03,-5.21,-0.02,-2.24|0.01,-0.27,0.93,-5.62,6.54,1.79|0.16,0.18,0.43,-7.24,-1.14,1.92
0.47,-0.18,0.02,-4.81,0.18,-2.30|0.01,-0.28,0.92,-4.13,5.53,0.91|0.16,0.18,0.42,-5.35,-2.45,-0.31
0.47,-0.18,0.02,-6.66,-1.66,-1.56|0.01,-0.28,0.93,-2.30,5.49,-0.77|0.17,0.19,0.43,-5.32,-2.21,-0.24
0.47,-0.17,0.02,-7.25,-1.11,-1.85|0.01,-0.28,0.93,-2.02,5.01,-2.63|0.17,0.18,0.42,-4.84,-3.31,0.18
0.47,-0.18,0.03,-7.38,-1.66,-1.50|0.01,-0.27,0.93,-0.96,3.23,-1.92|0.16,0.18,0.42,-4.19,-2.85,0.09
0.47,-0.18,0.03,-6.84,-1.21,-1.59|0.01,-0.28,0.93,-0.76,2.15,-1.56|0.17,0.18,0.42,-3.71,-3.02,0.34
0.47,-0.18,0.02,-6.37,-0.92,-1.68|0.01,-0.28,0.93,-0.65,1.59,-2.69|0.17,0.19,0.42,-4.25,-2.77,-0.62
0.47,-0.17,0.02,-4.63,0.24,-1.23|0.01,-0.28,0.93,-0.87,1.16,-0.98|0.17,0.18,0.43,-4.47,-2.38,0.26
0.48,-0.18,0.03,-3.39,-0.06,-1.87|0.01,-0.28,0.93,-2.43,1.44,-1.39|0.17,0.18,0.42,-5.01,-2.12,3.54
0.47,-0.18,0.03,-2.79,0.56,-2.16|0.01,-0.27,0.94,-2.88,1.25,-2.63|0.17,0.18,0.42,-5.53,-2.56,2.00
0.47,-0.18,0.03,-3.65,-0.15,-1.55|0.01,-0.28,0.93,-3.76,1.30,-0.31|0.17,0.19,0.42,-5.08,-3.46,1.76
0.47,-0.18,0.03,-3.47,-0.05,-1.17|0.01,-0.28,0.93,-4.71,2.43,-2.18|0.17,0.18,0.42,-3.69,-3.63,2.97
0.47,-0.17,0.03,-3.50,-0.99,-0.79|0.01,-0.27,0.93,-5.18,2.69,-1.21|0.17,0.18,0.42,-2.66,-4.10,1.98
0.47,-0.17,0.03,-3.53,-0.44,-0.74|0.01,-0.27,0.92,-5.72,2.71,0.43|0.16,0.18,0.42,-2.17,-4.14,1.89
0.47,-0.17,0.03,-3.57,0.05,-0.77|0.01,-0.28,0.93,-5.13,3.89,-1.43|0.16,0.18,0.42,-1.96,-3.61,2.83
0.47,-0.18,0.03,-3.63,-0.50,-0.89|0.01,-0.28,0.92,-4.71,4.27,-1.79|0.16,0.18,0.42,-2.50,-2.83,3.52
0.47,-0.18,0.03,-4.05,-1.85,-0.85|0.01,-0.27,0.93,-4.12,4.29,-1.83|0.16,0.19,0.42,-3.40,-2.27,3.22
0.47,-0.18,0.02,-3.11,-1.49,-1.10|0.01,-0.27,0.93,-4.15,3.64,-0.50|0.17,0.18,0.42,-4.29,-1.62,5.26
0.47,-0.18,0.04,-3.85,-2.25,-1.05|0.01,-0.28,0.93,-3.92,2.65,0.29|0.17,0.18,0.42,-4.53,-1.94,3.00
0.46,-0.17,0.03,-2.92,-0.82,-1.87|0.02,-0.27,0.92,-2.84,1.79,-0.82|0.17,0.18,0.41,-4.20,-2.21,2.94
0.47,-0.18,0.03,-3.37,-2.18,-0.51|0.01,-0.28,0.93,-1.47,0.56,0.73|0.17,0.19,0.42,-4.82,-2.57,2.23
0.47,-0.18,0.03,-3.95,-1.91,-0.54|0.01,-0.27,0.92,-1.76,0.71,-0.02|0.17,0.18,0.42,-5.05,-3.10,2.34
0.47,-0.18,0.03,-4.67,-2.65,-0.10|0.02,-0.28,0.93,-1.82,0.77,-0.57|0.17,0.19,0.42,-4.13,-3.18,2.35
0.47,-0.18,0.03,-5.15,-2.82,0.24|0.01,-0.28,0.93,-1.40,0.91,0.02|0.17,0.18,0.42,-4.26,-2.65,3.17
0.47,-0.17,0.04,-5.19,-1.97,0.01|0.02,-0.28,0.93,-2.03,1.44,-1.32|0.17,0.18,0.42,-3.78,-2.85,0.41
0.47,-0.17,0.03,-4.52,-1.42,-0.57|0.02,-0.27,0.92,-2.46,1.39,-0.69|0.17,0.18,0.42,-3.11,-1.73,1.04
0.47,-0.18,0.03,-4.71,-2.34,-0.67|0.02,-0.27,0.93,-3.19,0.60,2.05|0.17,0.18,0.43,-3.34,-0.69,-0.21
0.47,-0.18,0.03,-3.85,-3.59,-1.55|0.02,-0.27,0.93,-3.44,1.85,3.12|0.17,0.19,0.42,-4.83,-0.18,1.31
0.47,-0.18,0.03,-3.54,-3.18,-1.21|0.02,-0.28,0.93,-4.14,2.82,2.98|0.17,0.18,0.42,-5.54,0.33,3.60
0.47,-0.17,0.03,-2.73,-1.79,-1.85|0.02,-0.27,0.93,-4.19,2.59,4.93|0.17,0.18,0.42,-4.62,-1.43,2.04
0.47,-0.17,0.03,-2.92,1.08,-2.48|0.01,-0.28,0.93,-4.53,2.15,6.56|0.18,0.18,0.42,-2.72,-2.86,0.37
0.47,-0.18,0.03,-4.60,-0.21,-2.44|0.01,-0.28,0.94,-2.83,2.99,1.88|0.18,0.18,0.43,-1.81,-4.19,1.11
0.47,-0.17,0.03,-4.42,-0.79,-2.21|0.02,-0.28,0.92,-2.09,2.65,1.69|0.17,0.18,0.43,-0.94,-5.81,0.04
0.46,-0.17,0.02,-4.98,-1.10,-2.17|0.02,-0.28,0.93,-3.34,2.79,0.77|0.17,0.18,0.42,-0.89,-6.34,-0.61
0.47,-0.18,0.04,-4.85,-0.95,-2.00|0.02,-0.27,0.93,-4.87,1.45,4.02|0.17,0.17,0.42,-0.59,-7.39,-0.45
0.47,-0.18,0.03,-2.95,1.35,-2.66|0.01,-0.28,0.92,-6.11,1.63,4.45|0.17,0.19,0.41,-0.79,-7.21,-2.13
0.47,-0.18,0.03,-3.66,0.60,-1.89|0.01,-0.28,0.93,-6.66,2.62,1.85|0.17,0.19,0.42,-1.52,-5.91,0.16
0.47,-0.17,0.03,-4.16,-0.48,-1.44|0.01,-0.28,0.93,-5.73,1.98,3.50|0.17,0.19,0.42,-1.45,-4.55,0.02
0.47,-0.17,0.04,-4.17,0.75,-1.92|0.01,-0.28,0.92,-4.95,2.36,1.10|0.17,0.18,0.42,-0.78,-3.50,0.80
0.47,-0.17,0.03,-3.93,0.05,-1.53|0.01,-0.27,0.93,-3.10,1.48,0.47|0.17,0.19,0.41,-1.44,-2.95,-2.98
0.47,-0.17,0.03,-4.95,-1.83,-0.67|0.01,-0.28,0.92,-1.67,1.22,2.88|0.17,0.20,0.41,-3.64,-1.27,-2.88
0.47,-0.17,0.03,-6.54,-3.71,-0.25|0.01,-0.28,0.92,-0.55,1.63,1.16|0.17,0.19,0.42,-5.67,0.66,1.55
0.47,-0.18,0.03,-6.12,-4.11,-0.14|0.01,-0.28,0.92,0.05,1.94,0.39|0.18,0.19,0.42,-6.69,1.15,1.93
0.47,-0.18,0.03,-6.40,-4.75,0.41|0.01,-0.28,0.92,-0.29,1.84,1.50|0.18,0.19,0.42,-7.21,-0.34,0.78
0.47,-0.17,0.03,-8.24,-6.25,1.36|0.01,-0.28,0.93,-0.97,3.17,-0.41|0.18,0.18,0.42,-7.28,-1.79,-0.82
0.47,-0.17,0.02,-6.79,-6.05,1.36|0.01,-0.28,0.93,-2.20,3.40,-0.84|0.17,0.19,0.42,-6.52,-1.88,-1.35
0.47,-0.18,0.03,-6.64,-5.18,0.19|0.01,-0.28,0.93,-4.18,2.64,0.02|0.17,0.20,0.42,-5.99,-1.18,3.89
0.47,-0.18,0.03,-5.15,-3.11,-1.60|0.01,-0.28,0.93,-4.33,2.00,1.06|0.17,0.19,0.42,-5.49,-1.23,2.05
0.47,-0.18,0.02,-5.82,-3.79,-1.50|0.01,-0.27,0.93,-4.44,1.37,4.72|0.17,0.19,0.42,-4.43,-2.10,-0.27
0.47,-0.18,0.02,-5.95,-5.35,-1.31|0.01,-0.29,0.92,-3.29,3.21,0.31|0.17,0.19,0.42,-3.60,-2.44,-0.05
0.47,-0.18,0.02,-5.16,-1.68,-1.92|0.01,-0.28,0.93,-1.90,3.86,-1.90|0.17,0.18,0.42,-3.34,-2.24,2.85
0.47,-0.18,0.02,-5.37,-1.90,-1.98|0.01,-0.27,0.93,-1.81,2.51,0.83|0.17,0.19,0.42,-3.94,-2.75,-0.21
0.47,-0.18,0.02,-5.31,-1.99,-2.06|0.01,-0.27,0.93,-2.20,2.53,2.57|0.17,0.19,0.42,-3.88,-2.50,1.22
0.47,-0.18,0.02,-4.57,-1.50,-1.95|0.01,-0.28,0.93,-2.12,3.07,1.45|0.17,0.19,0.42,-3.92,-2.61,2.27
0.47,-0.18,0.02,-4.69,-1.78,-1.37|0.01,-0.28,0.93,-1.74,3.44,1.13|0.17,0.18,0.42,-4.13,-3.31,-0.07
0.47,-0.18,0.02,-4.45,-1.70,-1.24|0.01,-0.28,0.93,-2.13,3.22,1.47|0.17,0.19,0.42,-4.53,-3.27,0.87
0.47,-0.18,0.02,-4.35,-1.79,-1.31|0.01,-0.28,0.93,-2.85,3.08,1.40|0.17,0.18,0.42,-4.63,-2.05,1.73
0.47,-0.18,0.02,-4.37,-1.60,-1.75|0.01,-0.28,0.93,-3.21,2.47,0.59|0.17,0.19,0.42,-4.44,-1.55,2.11
0.46,-0.17,0.02,-4.40,-0.97,-0.49|0.01,-0.27,0.93,-3.21,1.34,1.02|0.17,0.18,0.42,-3.92,-1.12,1.61
0.47,-0.18,0.02,-3.91,-0.43,-1.52|0.01,-0.28,0.93,-2.40,1.23,0.27|0.17,0.19,0.43,-3.69,-1.06,-0.19
0.47,-0.18,0.02,-4.28,-0.55,-1.44|0.01,-0.27,0.92,-2.53,1.75,-0.68|0.17,0.19,0.42,-3.86,-1.05,2.19
0.47,-0.17,0.02,-4.18,-0.69,-1.92|0.01,-0.27,0.93,-1.95,1.12,0.00|0.17,0.18,0.42,-3.79,-1.33,-0.56
0.47,-0.18,0.02,-3.99,-0.58,-1.70|0.01,-0.27,0.93,-2.38,1.60,0.98|0.17,0.19,0.42,-3.59,-1.42,0.89
0.47,-0.17,0.02,-4.05,-0.57,-1.53|0.01,-0.27,0.93,-2.78,2.15,0.91|0.17,0.18,0.42,-4.33,-1.62,0.54
0.47,-0.18,0.03,-3.69,-1.36,-1.91|0.01,-0.27,0.93,-2.78,2.79,1.36|0.17,0.19,0.42,-5.38,-2.17,0.55
0.47,-0.18,0.02,-4.15,-1.39,-1.55|0.01,-0.28,0.93,-2.67,2.93,2.12|0.17,0.19,0.42,-5.38,-2.72,0.99
0.47,-0.18,0.02,-4.27,-1.64,-1.44|0.01,-0.28,0.93,-2.21,3.66,-0.15|0.17,0.19,0.42,-5.49,-2.63,0.81
0.47,-0.17,0.02,-4.72,-1.75,-1.09|0.01,-0.27,0.92,-2.34,3.74,0.34|0.16,0.19,0.42,-5.49,-2.62,-0.37
0.47,-0.17,0.02,-4.73,-2.20,-1.29|0.01,-0.27,0.93,-2.75,3.22,0.20|0.17,0.19,0.42,-5.63,-2.04,0.90
0.47,-0.18,0.02,-4.82,-2.10,-1.50|0.01,-0.27,0.93,-2.73,2.50,1.16|0.16,0.19,0.42,-5.32,-1.22,2.66
0.47,-0.18,0.02,-5.47,-1.87,-1.68|0.01,-0.27,0.93,-2.38,2.26,1.18|0.17,0.18,0.42,-5.03,-0.56,2.08
0.47,-0.17,0.02,-4.98,-1.94,-1.82|0.01,-0.28,0.93,-1.56,2.37,-0.95|0.17,0.18,0.43,-4.27,-1.47,1.11
0.47,-0.18,0.02,-5.11,-1.13,-1.69|0.01,-0.27,0.93,-1.68,2.30,-0.38|0.17,0.18,0.42,-3.69,-1.73,0.39
0.47,-0.18,0.01,-4.65,-0.93,-1.40|0.01,-0.27,0.93,-2.29,1.76,0.18|0.17,0.18,0.42,-3.57,-1.89,0.39
0.47,-0.18,0.02,-4.69,-3.02,-0.77|0.01,-0.27,0.92,-2.80,2.31,0.19|0.17,0.19,0.43,-4.92,-1.64,2.86
0.47,-0.17,0.03,-4.53,-2.29,-1.82|0.01,-0.27,0.93,-3.08,2.37,1.35|0.17,0.18,0.43,-5.31,-1.54,3.47
0.47,-0.17,0.02,-4.68,-1.65,-1.87|0.01,-0.27,0.93,-3.12,1.56,2.02|0.17,0.18,0.42,-4.05,-2.37,1.66
0.47,-0.18,0.02,-4.82,-1.54,-1.30|0.00,-0.27,0.93,-2.19,2.46,-0.07|0.17,0.18,0.42,-3.26,-2.80,0.69
0.47,-0.17,0.02,-3.97,-0.78,-1.87|0.01,-0.27,0.93,-2.68,3.18,-1.15|0.17,0.18,0.42,-3.72,-3.24,0.27
0.47,-0.18,0.02,-4.23,-2.11,-1.39|0.01,-0.27,0.93,-3.11,2.60,0.87|0.17,0.19,0.42,-4.53,-1.77,1.33
0.47,-0.18,0.02,-3.62,-1.73,-0.75|0.01,-0.27,0.94,-3.79,1.95,2.43|0.16,0.18,0.42,-4.94,-1.36,2.99
0.47,-0.17,0.02,-2.99,-1.79,-0.73|0.01,-0.27,0.93,-4.66,2.48,1.69|0.16,0.18,0.43,-4.74,-0.73,3.68
0.47,-0.17,0.02,-3.54,-1.69,-0.96|0.01,-0.27,0.92,-4.31,1.82,2.60|0.17,0.18,0.43,-3.52,-1.12,2.62
0.47,-0.18,0.02,-4.05,-0.93,-1.38|0.01,-0.28,0.93,-3.45,1.88,0.86|0.17,0.18,0.43,-1.93,-1.58,1.53
0.47,-0.18,0.02,-4.08,-1.28,-1.33|0.01,-0.27,0.93,-2.73,1.85,0.81|0.17,0.18,0.42,-1.72,-2.05,1.28
0.47,-0.18,0.02,-3.79,-2.09,-1.26|0.01,-0.27,0.93,-2.45,1.89,0.13|0.17,0.19,0.42,-2.89,-2.47,1.15
0.46,-0.17,0.02,-3.38,-2.37,-1.08|0.01,-0.27,0.93,-2.85,1.63,1.08|0.16,0.18,0.42,-4.05,-1.89,3.02
0.47,-0.18,0.02,-4.18,-2.40,-1.18|0.01,-0.27,0.93,-3.00,1.63,2.76|0.16,0.18,0.43,-4.55,-2.14,2.93
0.47,-0.17,-0.00,-0.01,-0.01,-0.01|0.01,-0.28,0.93,-2.47,1.47,1.83|0.16,0.17,0.43,-3.27,-2.37,2.63
0.47,-0.18,0.02,-3.93,-1.28,-1.27|0.01,-0.27,0.92,-1.48,1.63,0.79|0.17,0.19,0.43,-4.05,-2.25,-1.23
0.47,-0.18,0.02,-4.51,-2.66,-2.17|0.01,-0.27,0.93,-1.86,2.25,1.22|0.17,0.19,0.42,-5.31,-1.94,3.37
0.47,-0.17,0.02,-3.55,-2.94,-2.25|0.01,-0.27,0.92,-1.69,2.47,-0.27|0.17,0.19,0.42,-7.31,-1.72,3.27
0.47,-0.18,0.02,-3.06,-2.71,-2.40|0.01,-0.27,0.94,-2.89,2.68,2.87|0.16,0.19,0.42,-6.24,-1.11,7.82
0.47,-0.17,0.01,-3.32,-2.18,-2.47|0.01,-0.27,0.93,-3.34,3.32,2.98|0.17,0.17,0.43,-4.18,-2.85,4.77
0.47,-0.17,0.02,-4.02,-1.21,-3.38|0.00,-0.28,0.93,-1.79,3.23,3.89|0.16,0.18,0.42,-2.73,-4.37,-0.08
0.47,-0.17,0.02,-4.40,0.46,-4.07|0.01,-0.27,0.93,-0.45,4.38,-1.00|0.17,0.18,0.42,-1.19,-4.15,3.88
0.47,-0.17,0.01,-4.88,0.57,-4.46|0.01,-0.28,0.93,0.48,4.50,-3.05|0.17,0.17,0.42,-1.54,-5.11,1.18
0.48,-0.17,0.02,-6.67,0.40,-2.56|0.00,-0.29,0.94,0.74,5.11,-5.37|0.17,0.18,0.41,-1.47,-5.33,-1.88
0.47,-0.16,0.02,-6.69,3.30,-1.43|0.01,-0.28,0.93,-1.01,5.47,-10.77|0.17,0.18,0.42,-0.67,-5.15,-0.16
0.46,-0.17,0.03,-7.71,3.34,-1.91|0.00,-0.27,0.93,-2.98,4.16,-7.61|0.17,0.17,0.43,-0.08,-5.66,-3.64
0.47,-0.17,0.03,-6.87,1.15,-1.77|0.01,-0.27,0.93,-5.45,3.17,-5.17|0.17,0.18,0.41,-2.86,-5.21,-5.07
0.47,-0.17,0.03,-5.89,1.61,-1.73|0.01,-0.27,0.93,-7.14,4.24,-4.72|0.17,0.19,0.41,-7.71,-3.47,1.24
0.47,-0.17,0.03,-6.00,0.41,-1.69|0.00,-0.27,0.93,-6.48,5.39,-4.89|0.17,0.17,0.42,-11.37,-3.50,1.12
0.47,-0.17,0.03,-6.75,-1.68,-0.92|0.01,-0.27,0.93,-5.42,5.28,-3.03|0.17,0.18,0.43,-11.88,-3.99,-1.50
0.47,-0.17,0.02,-8.12,-2.91,-0.77|0.01,-0.26,0.93,-4.50,6.08,-3.82|0.17,0.18,0.42,-9.93,-4.16,-1.09
0.47,-0.17,0.02,-7.73,-3.85,-0.11|0.01,-0.26,0.93,-3.56,6.54,-2.37|0.17,0.19,0.42,-9.46,-4.63,-1.50
0.47,-0.16,0.02,-7.12,-1.84,-0.66|0.01,-0.27,0.93,-3.64,6.45,-1.81|0.17,0.18,0.42,-7.63,-4.05,-3.02
0.48,-0.17,0.03,-7.12,-0.28,-1.24|0.01,-0.27,0.93,-2.64,5.86,-2.86|0.17,0.19,0.42,-4.82,-4.16,-2.10
0.48,-0.17,0.02,-6.65,1.08,-1.60|0.01,-0.28,0.94,-1.10,4.15,-2.54|0.17,0.18,0.42,-3.19,-2.73,0.50
0.47,-0.17,0.02,-5.96,1.23,-0.98|0.01,-0.26,0.93,-1.59,3.32,-4.90|0.18,0.17,0.42,-1.67,-3.09,-1.96
0.47,-0.17,0.03,-7.06,-0.94,-0.17|0.01,-0.27,0.93,-1.79,1.34,-0.94|0.18,0.18,0.42,-2.04,-3.27,-1.31
0.47,-0.18,0.02,-6.69,-3.66,0.42|0.01,-0.27,0.93,-2.65,0.65,-1.50|0.18,0.18,0.42,-3.69,-2.92,1.18
0.47,-0.17,0.02,-5.77,-5.48,0.95|0.01,-0.27,0.93,-3.74,0.67,-1.35|0.18,0.18,0.42,-5.22,-3.60,1.79
0.47,-0.17,0.02,-4.98,-5.66,0.37|0.01,-0.27,0.93,-5.21,0.66,0.68|0.17,0.17,0.42,-4.95,-4.19,3.47
0.47,-0.17,0.02,-4.77,-4.03,0.23|0.01,-0.27,0.93,-5.63,1.43,0.96|0.18,0.18,0.43,-3.55,-5.00,0.92
0.47,-0.17,0.02,-6.08,-4.64,0.06|0.01,-0.27,0.93,-5.15,1.76,2.93|0.17,0.18,0.42,-1.56,-4.95,-0.19
0.47,-0.17,0.01,-6.77,-5.18,-0.13|0.01,-0.27,0.92,-4.73,2.47,1.87|0.17,0.18,0.42,-0.05,-4.10,-0.15
0.46,-0.17,0.02,-5.70,-5.04,-1.39|0.01,-0.27,0.93,-3.21,2.90,1.86|0.18,0.18,0.42,-0.23,-4.24,0.50
0.47,-0.17,0.02,-5.03,-2.11,-1.34|0.01,-0.27,0.93,-3.10,3.44,1.69|0.18,0.18,0.41,-2.29,-4.07,0.40
0.47,-0.17,0.01,-4.26,-0.83,-1.66|0.01,-0.27,0.93,-2.57,3.45,1.45|0.18,0.18,0.41,-4.09,-3.76,1.92
0.47,-0.18,0.01,-5.56,-3.31,-0.69|0.01,-0.27,0.93,-2.05,2.95,3.98|0.18,0.18,0.43,-6.05,-2.56,1.09
0.47,-0.17,0.01,-4.38,-2.40,-2.13|0.01,-0.28,0.93,-1.99,3.08,0.77|0.18,0.17,0.42,-4.66,-1.81,1.01
0.47,-0.17,0.01,-3.96,-1.61,-2.73|0.01,-0.27,0.93,-1.93,1.73,1.20|0.18,0.18,0.41,-4.80,-1.47,2.62
0.48,-0.17,0.02,-3.76,-1.10,-2.34|0.01,-0.27,0.93,-1.95,1.05,2.26|0.18,0.17,0.42,-5.84,-1.87,-0.15
0.47,-0.17,0.01,-4.47,-1.18,-2.73|0.01,-0.27,0.93,-2.66,0.88,3.08|0.18,0.19,0.42,-5.37,-1.74,-0.51
0.47,-0.17,0.01,-4.50,-0.04,-3.02|0.01,-0.28,0.93,-2.22,0.32,1.95|0.18,0.18,0.42,-4.95,-0.82,2.62
0.48,-0.17,0.01,-5.51,-1.46,-1.98|0.01,-0.27,0.93,-1.53,0.76,1.92|0.18,0.18,0.41,-5.12,-0.78,-0.13
0.47,-0.17,0.01,-4.60,-2.60,-0.43|0.01,-0.27,0.93,-1.98,1.24,2.58|0.18,0.18,0.41,-5.24,-0.13,2.71
0.47,-0.17,0.01,-3.68,-2.34,-1.16|0.01,-0.27,0.93,-2.40,2.90,3.08|0.18,0.18,0.43,-5.38,-0.68,2.13
0.48,-0.17,0.01,-4.00,-3.45,-0.48|0.00,-0.27,0.93,-2.23,3.47,2.06|0.18,0.18,0.42,-4.37,-0.87,1.80
0.47,-0.17,0.01,-3.47,-2.18,-0.15|0.01,-0.27,0.93,-2.00,3.66,-0.28|0.17,0.19,0.42,-3.82,-0.32,2.19
0.48,-0.17,0.01,-4.21,-2.41,0.02|0.01,-0.26,0.93,-3.02,2.80,1.52|0.17,0.17,0.42,-2.66,-0.98,2.24
0.47,-0.17,0.01,-4.31,-1.86,-0.03|0.01,-0.28,0.93,-3.11,2.67,0.98|0.17,0.18,0.43,-2.81,-0.43,1.96
0.47,-0.17,0.01,-4.83,-1.99,0.11|0.01,-0.27,0.93,-3.05,2.25,-1.08|0.17,0.17,0.42,-2.28,-0.66,1.82
0.47,-0.17,0.02,-4.35,-1.14,-0.46|0.01,-0.26,0.93,-3.31,1.28,-0.84|0.17,0.18,0.42,-2.14,-0.89,1.23
0.47,-0.17,0.00,-3.74,-2.66,-0.43|0.01,-0.27,0.94,-3.69,0.73,0.66|0.18,0.18,0.43,-3.58,-0.93,0.87
0.48,-0.17,0.01,-4.10,-2.39,-0.80|0.01,-0.27,0.93,-4.06,0.92,1.95|0.18,0.17,0.43,-4.27,-1.61,1.70
0.47,-0.17,0.00,-3.99,-2.65,-1.57|0.01,-0.27,0.93,-3.79,1.11,0.50|0.18,0.18,0.42,-3.77,-2.17,2.24
0.47,-0.17,0.01,-5.02,-0.63,-2.05|0.01,-0.27,0.93,-3.31,1.63,1.33|0.18,0.18,0.43,-2.80,-4.61,0.73
0.47,-0.17,0.01,-5.19,0.11,-1.94|0.01,-0.27,0.93,-3.30,2.73,-0.07|0.18,0.18,0.42,-2.60,-6.27,-1.37
0.47,-0.17,0.01,-4.75,-0.09,-2.68|0.01,-0.27,0.93,-3.52,3.71,0.51|0.17,0.18,0.42,-3.40,-6.08,-0.11
0.47,-0.17,0.01,-4.84,-0.46,-2.51|0.01,-0.27,0.93,-3.99,4.32,2.14|0.17,0.18,0.42,-3.91,-5.29,0.27
0.47,-0.17,0.01,-5.32,-1.88,-2.05|0.01,-0.27,0.92,-4.05,4.22,2.86|0.17,0.18,0.41,-5.27,-3.53,1.37
0.47,-0.17,0.01,-4.37,-1.63,-2.33|0.01,-0.28,0.93,-4.10,4.46,1.65|0.17,0.18,0.42,-5.72,-2.18,3.34
0.47,-0.17,0.01,-3.82,-1.03,-2.53|0.01,-0.27,0.93,-4.39,4.13,1.15|0.17,0.18,0.42,-4.49,-1.32,2.14
0.47,-0.17,0.01,-3.35,-1.22,-2.79|0.01,-0.27,0.93,-4.19,2.61,4.62|0.17,0.19,0.42,-3.67,-0.89,0.40
0.47,-0.17,0.01,-4.08,-1.26,-2.18|0.01,-0.28,0.93,-3.21,1.30,3.21|0.17,0.19,0.42,-3.78,-0.60,2.24
0.47,-0.17,0.01,-4.63,-0.92,-1.79|0.01,-0.28,0.93,-1.31,1.31,0.20|0.18,0.18,0.42,-3.57,-0.36,3.85
0.47,-0.17,0.01,-5.27,-1.17,-1.76|0.01,-0.27,0.93,-0.94,0.59,0.28|0.18,0.18,0.43,-2.48,-1.90,1.54
0.47,-0.17,0.01,-6.07,-1.66,-1.98|0.01,-0.27,0.93,-1.07,0.44,0.88|0.18,0.17,0.42,-1.91,-3.46,0.11
0.47,-0.17,0.01,-4.72,-1.60,-1.73|0.00,-0.28,0.93,-1.64,1.69,-0.86|0.18,0.18,0.42,-2.37,-3.33,-0.16
0.48,-0.17,0.01,-5.13,-2.63,-0.97|0.00,-0.27,0.93,-3.27,1.98,0.10|0.18,0.17,0.42,-3.67,-3.59,3.00
0.47,-0.17,0.01,-4.06,-2.93,-1.53|0.00,-0.27,0.93,-4.27,2.19,1.32|0.18,0.18,0.42,-5.19,-2.66,1.30
0.48,-0.17,0.01,-3.95,-3.53,-1.10|0.00,-0.27,0.93,-5.72,2.15,4.45|0.18,0.18,0.42,-5.28,-2.64,2.35
0.47,-0.17,0.01,-3.64,-2.30,-0.89|0.01,-0.28,0.94,-5.21,2.61,3.64|0.17,0.18,0.42,-5.32,-2.25,1.15
0.47,-0.17,0.01,-3.70,-2.04,0.05|0.00,-0.27,0.93,-4.27,2.92,1.70|0.17,0.18,0.42,-4.66,-191.53,-13.68
0.47,-0.17,0.01,-5.34,-3.63,0.42|0.01,-0.28,0.93,-2.75,2.21,1.22|0.18,0.18,0.42,-3.57,-1.06,1.69
0.46,-0.17,-0.00,-6.07,-5.24,1.57|0.01,-0.28,0.93,-2.12,1.39,-0.96|0.17,0.18,0.41,-2.82,-0.81,0.45
0.47,-0.17,0.01,-5.89,-5.89,1.07|0.01,-0.27,0.93,-2.13,1.83,-1.11|0.17,0.19,0.42,-2.80,-0.50,2.66
0.47,-0.17,0.01,-5.24,-4.08,0.14|0.01,-0.27,0.93,-3.27,1.52,-0.87|0.17,0.18,0.42,-3.34,-0.60,2.64
0.46,-0.17,0.01,-4.94,-3.46,-0.76|0.00,-0.27,0.93,-3.23,-0.45,3.02|0.18,0.18,0.42,-3.21,-0.47,0.67
0.47,-0.17,0.00,-4.65,-3.77,-0.42|0.01,-0.27,0.93,-2.69,0.40,-0.03|0.18,0.18,0.42,-3.26,-0.42,3.46
0.47,-0.17,-0.00,-3.80,-2.65,-1.41|0.00,-0.27,0.93,-1.98,1.57,0.71|0.17,0.18,0.42,-5.98,-0.89,3.59
0.47,-0.17,0.00,-3.89,-3.44,-1.17|0.01,-0.27,0.92,-1.23,1.61,1.98|0.17,0.18,0.42,-6.47,-1.94,2.33
0.47,-0.17,-0.01,-3.93,-2.60,-1.52|0.01,-0.27,0.93,-0.73,2.47,2.05|0.17,0.18,0.42,-5.79,-1.40,4.82
0.47,-0.17,-0.01,-3.94,-2.80,-1.89|0.00,-0.28,0.93,0.23,2.40,1.65|0.17,0.18,0.42,-5.82,-1.62,1.77
0.47,-0.17,0.00,-5.31,-3.16,-1.79|0.01,-0.27,0.93,-0.57,2.20,2.02|0.17,0.19,0.42,-4.89,-1.06,3.57
0.47,-0.17,-0.00,-4.95,-2.76,-2.08|0.01,-0.27,0.93,-1.06,2.57,0.38|0.17,0.17,0.42,-3.90,-1.19,3.38
0.47,-0.18,-0.00,-4.56,-2.66,-1.70|0.01,-0.27,0.93,-2.15,2.30,1.48|0.17,0.18,0.42,-3.65,-2.49,1.23
0.47,-0.18,-0.00,-3.51,-2.27,-2.21|0.00,-0.27,0.93,-3.47,3.54,0.29|0.17,0.18,0.42,-3.38,-2.49,2.19
0.47,-0.17,-0.00,-2.92,-1.82,-2.43|0.00,-0.27,0.93,-4.87,3.27,2.14|0.18,0.18,0.42,-3.39,-2.18,3.69
0.47,-0.17,-0.00,-3.00,-1.71,-2.36|0.00,-0.27,0.93,-5.56,2.56,2.55|0.17,0.18,0.42,-3.31,-2.42,2.77
0.47,-0.17,-0.01,-3.14,-0.67,-2.12|0.01,-0.27,0.93,-4.74,2.54,0.29|0.17,0.17,0.42,-2.40,-2.32,2.97
0.47,-0.17,-0.00,-3.05,-0.38,-2.05|0.01,-0.27,0.93,-4.24,2.59,1.27|0.18,0.17,0.42,-2.10,-2.79,2.05
0.48,-0.17,0.00,-3.07,0.91,-1.95|0.01,-0.27,0.93,-3.12,3.04,-0.77|0.17,0.18,0.43,-2.40,-2.62,0.41
0.47,-0.17,0.01,-2.43,2.89,-2.60|0.01,-0.27,0.93,-2.22,2.50,-0.66|0.17,0.17,0.42,-3.13,-2.41,0.34
0.47,-0.17,0.00,-2.31,2.95,-2.99|0.01,-0.27,0.93,-2.02,1.80,-0.08|0.17,0.18,0.42,-3.73,-2.07,0.96
0.47,-0.17,0.00,-2.78,3.60,-2.99|0.01,-0.27,0.93,-2.28,1.44,-0.05|0.17,0.18,0.42,-4.75,-2.15,0.24
0.46,-0.17,-0.00,-3.85,1.31,-1.84|0.01,-0.27,0.93,-3.19,1.16,0.77|0.17,0.18,0.42,-5.01,-2.57,1.53
0.47,-0.17,0.02,-2.91,1.28,-2.53|0.01,-0.27,0.93,-2.90,1.98,0.44|0.18,0.18,0.42,-6.02,-2.83,0.95
0.47,-0.17,0.01,-3.16,0.52,-2.53|0.00,-0.28,0.93,-2.85,2.40,-0.45|0.18,0.18,0.42,-5.30,-2.53,-0.22
0.48,-0.17,0.01,-4.37,-0.37,-2.22|0.00,-0.27,0.93,-3.24,1.99,0.68|0.18,0.18,0.42,-5.27,-3.05,3.35
0.47,-0.17,0.01,-4.56,-0.15,-2.18|0.00,-0.27,0.93,-3.13,2.92,-1.60|0.18,0.18,0.42,-4.83,-4.01,-1.33
0.47,-0.17,0.01,-5.50,-0.20,-1.74|0.01,-0.27,0.93,-3.33,3.44,-1.46|0.17,0.19,0.42,-4.21,-4.27,2.61
0.47,-0.17,0.01,-4.66,-0.08,-1.87|0.01,-0.28,0.93,-3.40,4.09,-1.17|0.18,0.18,0.42,-3.71,-4.26,1.26
0.47,-0.17,0.01,-5.07,-0.24,-1.85|0.01,-0.27,0.93,-4.27,5.05,-3.50|0.17,0.18,0.41,-3.49,-4.37,3.41
0.48,-0.17,0.02,-4.68,0.24,-2.02|0.01,-0.27,0.93,-4.40,4.50,-1.48|0.18,0.17,0.42,-3.81,-3.73,0.93
0.47,-0.17,0.02,-4.55,-0.01,-1.74|0.01,-0.27,0.93,-4.45,3.96,-1.88|0.18,0.17,0.42,-3.21,-3.36,0.19
0.47,-0.17,0.02,-3.98,-0.42,-1.35|0.01,-0.27,0.93,-4.66,3.56,-1.40|0.18,0.18,0.42,-3.40,-2.79,2.24
0.47,-0.17,0.02,-3.24,1.37,-1.42|0.01,-0.27,0.93,-4.59,3.00,-1.55|0.18,0.17,0.42,-4.34,-3.25,-0.20
0.47,-0.17,0.02,-3.21,1.64,-1.24|0.01,-0.27,0.93,-4.49,2.27,-0.85|0.18,0.17,0.42,-3.94,-3.44,0.70
0.47,-0.16,0.02,-3.59,0.61,-1.37|0.01,-0.27,0.93,-4.08,1.77,0.22|0.18,0.17,0.43,-4.44,-3.29,-0.66
0.47,-0.17,0.02,-3.06,-0.26,-1.76|0.01,-0.27,0.93,-2.83,1.28,0.19|0.18,0.18,0.42,-5.15,-3.24,-1.36
0.47,-0.17,0.02,-2.37,0.37,-1.92|0.01,-0.27,0.93,-2.43,1.31,-0.14|0.18,0.18,0.42,-5.35,-1.91,3.24
0.47,-0.17,0.02,-3.10,-0.97,-0.66|0.01,-0.27,0.93,-1.71,0.65,1.80|0.18,0.17,0.41,-5.31,-2.34,0.89
0.48,-0.17,0.03,-84.04,-97.71,0.41|0.01,-0.27,0.93,-1.63,1.05,2.75|0.18,0.18,0.42,-5.64,-2.37,1.72
0.47,-0.16,0.02,-4.10,-1.85,-0.82|0.01,-0.27,0.93,-0.98,2.08,0.98|0.18,0.17,0.42,-3.74,-2.43,1.90
0.47,-0.17,0.02,-4.79,-1.47,-0.77|0.01,-0.27,0.93,-1.05,1.73,2.08|0.18,0.18,0.42,-2.66,-3.18,0.18
0.48,-0.17,0.02,-5.18,-1.85,-0.33|0.01,-0.28,0.93,-1.11,2.50,0.47|0.18,0.17,0.42,-2.44,-2.87,-0.92
0.47,-0.17,0.03,-5.37,-2.43,-0.65|0.01,-0.27,0.93,-2.21,3.34,0.60|0.18,0.18,0.42,-2.41,-2.03,1.32
0.47,-0.17,0.03,-4.94,-2.30,-0.72|0.01,-0.27,0.93,-3.63,2.82,1.66|0.18,0.17,0.42,-3.53,-1.65,2.08
0.47,-0.17,0.02,-4.75,-2.63,-0.72|0.01,-0.27,0.93,-4.43,2.44,1.47|0.18,0.18,0.42,-3.92,-1.95,0.97
0.47,-0.17,0.02,-4.34,-2.43,-0.50|0.01,-0.27,0.93,-5.02,2.66,1.24|0.18,0.18,0.42,-4.24,-1.88,2.60
0.47,-0.17,0.02,-4.35,-2.26,-1.08|0.01,-0.27,0.93,-5.17,3.05,0.34|0.18,0.18,0.42,-4.19,-2.06,0.95
0.48,-0.17,0.02,-4.65,-2.27,-1.05|0.01,-0.27,0.93,-4.51,2.16,1.13|0.18,0.18,0.42,-3.72,-2.44,1.63
0.47,-0.16,0.02,-5.03,-1.82,-0.90|0.01,-0.27,0.93,-3.45,1.82,1.34|0.18,0.18,0.42,-4.24,-2.02,0.18
0.47,-0.16,0.01,-5.90,-2.47,-1.09|0.01,-0.27,0.93,-2.94,2.34,0.89|0.17,0.17,0.42,-4.04,-2.60,0.63
0.47,-0.16,0.02,-6.53,-2.83,-1.66|0.01,-0.27,0.93,-1.74,2.01,0.65|0.18,0.17,0.42,-3.31,-2.34,1.19
0.47,-0.17,0.02,-5.94,-2.55,-0.89|0.01,-0.28,0.93,-0.97,2.45,0.18|0.18,0.17,0.42,-4.08,-2.69,-0.75
0.48,-0.17,0.02,-5.60,-2.98,-1.09|0.00,-0.27,0.93,-2.03,2.62,1.24|0.18,0.18,0.42,-4.95,-3.46,0.21
0.48,-0.16,0.02,-4.76,-2.75,-1.40|0.00,-0.27,0.93,-3.08,2.92,1.65|0.18,0.18,0.42,-5.27,-2.86,0.90
0.47,-0.17,0.02,-4.74,-2.70,-1.22|0.01,-0.28,0.93,-3.66,1.81,4.13|0.18,0.18,0.42,-5.31,-2.97,1.35
0.47,-0.17,0.01,-4.73,-3.18,-0.99|0.01,-0.27,0.93,-3.81,2.18,1.83|0.18,0.18,0.42,-4.88,-2.94,1.31
0.47,-0.17,0.02,-3.90,-2.63,-1.51|0.01,-0.28,0.93,-3.56,2.23,1.72|0.18,0.17,0.42,-3.91,-2.84,1.76
0.47,-0.17,0.01,-5.19,-2.74,-1.48|0.00,-0.27,0.93,-3.26,1.82,1.68|0.18,0.18,0.42,-3.83,-2.50,1.39
0.47,-0.16,0.01,-5.05,-2.57,-1.18|0.01,-0.28,0.93,-2.99,2.05,0.57|0.18,0.18,0.42,-2.90,-1.50,2.21
0.47,-0.17,0.01,-5.02,-2.05,-1.09|0.00,-0.27,0.93,-3.19,2.08,0.72|0.18,0.17,0.42,-1.97,-1.44,2.60
0.47,-0.16,0.01,-5.63,-3.34,-0.93|0.00,-0.28,0.93,-3.02,1.78,1.92|0.18,0.18,0.42,-2.73,-2.02,-0.93
0.47,-0.17,0.01,-5.74,-3.56,-0.61|0.00,-0.27,0.93,-3.04,1.90,1.34|0.18,0.18,0.42,-2.68,-1.77,1.80
0.47,-0.17,0.01,-5.65,-3.80,-0.25|0.00,-0.28,0.93,-2.79,2.02,1.53|0.18,0.17,0.42,-3.86,-2.08,1.55
0.47,-0.17,0.00,-5.43,-3.77,-0.57|0.00,-0.27,0.93,-3.02,2.71,1.11|0.18,0.18,0.43,-3.98,-2.55,0.98
0.47,-0.17,0.01,-5.53,-2.91,-0.90|0.00,-0.27,0.94,-2.62,2.98,0.76|0.18,0.17,0.42,-4.53,-3.01,0.73
0.47,-0.16,0.00,-4.69,-2.33,-0.84|0.01,-0.27,0.93,-1.90,3.08,1.24|0.18,0.18,0.42,-4.74,-3.56,-0.40
0.48,-0.17,0.01,-6.19,-3.89,-0.67|0.01,-0.28,0.93,-2.56,3.17,0.48|0.18,0.17,0.42,-4.69,-2.85,1.92
0.47,-0.17,0.01,-5.86,-2.34,-1.34|0.00,-0.27,0.93,-2.28,2.50,-0.27|0.18,0.17,0.42,-4.65,-2.70,-0.50
0.47,-0.17,0.00,-6.30,-2.11,-0.95|0.01,-0.27,0.93,-2.57,2.57,0.11|0.17,0.18,0.42,-4.46,-2.77,-0.08
0.47,-0.17,0.00,-5.05,-2.07,-1.86|0.00,-0.27,0.93,-3.63,3.02,-0.05|0.18,0.18,0.42,-5.02,-2.32,0.90
0.47,-0.17,0.01,-4.31,-1.46,-2.41|0.01,-0.27,0.93,-3.71,2.73,1.44|0.18,0.18,0.42,-5.11,-1.97,1.10
0.48,-0.17,0.01,-4.17,-1.46,-1.83|0.00,-0.27,0.93,-3.44,2.08,2.02|0.18,0.18,0.41,-4.65,-1.93,1.85
0.47,-0.17,-0.00,-4.44,-1.25,-1.66|0.00,-0.27,0.93,-2.93,2.26,-0.12|0.18,0.17,0.42,-3.90,-2.12,0.37
0.47,-0.17,0.00,-4.18,-1.95,-1.74|0.01,-0.27,0.93,-2.36,2.31,0.68|0.18,0.18,0.42,-3.50,-2.00,1.98
0.47,-0.17,0.01,-3.54,-1.03,-1.89|0.00,-0.27,0.93,-2.25,2.15,1.86|0.18,0.18,0.42,-3.69,-1.81,2.05
0.47,-0.17,-0.00,-3.92,-0.96,-1.50|0.00,-0.27,0.93,-1.92,2.13,1.87|0.18,0.18,0.42,-3.47,-2.44,1.93
0.47,-0.17,0.00,-4.07,-1.08,-1.56|0.01,-0.27,0.93,-2.01,2.02,1.37|0.18,0.18,0.42,-3.18,-1.89,1.95
0.47,-0.16,-0.00,-4.49,-1.37,-1.56|0.00,-0.27,0.93,-1.67,1.63,1.39|0.18,0.17,0.42,-3.21,-1.81,0.59
0.47,-0.17,0.00,-4.47,-1.11,-1.39|0.00,-0.27,0.93,-2.00,1.50,0.78|0.18,0.18,0.42,-3.22,-1.73,1.89
0.47,-0.17,0.01,-4.17,-0.91,-1.70|0.01,-0.27,0.93,-2.84,1.96,-0.03|0.18,0.17,0.42,-3.95,-1.34,1.37
0.47,-0.17,-0.00,-4.98,-2.61,-1.01|0.01,-0.27,0.93,-2.34,2.21,0.39|0.18,0.18,0.43,-5.20,-1.96,1.02
0.47,-0.16,-0.01,-4.76,-1.44,-1.75|-0.00,-0.27,0.93,-3.01,2.25,0.15|0.18,0.17,0.42,-4.46,-2.33,0.59
0.47,-0.17,0.01,-4.93,-1.53,-1.60|0.00,-0.27,0.93,-3.59,2.17,-1.08|0.18,0.18,0.42,-3.83,-2.93,0.75
0.47,-0.17,0.00,-4.84,-1.42,-1.03|0.00,-0.27,0.93,-3.76,2.86,-0.22|0.18,0.17,0.42,-4.08,-3.21,-0.12
0.47,-0.17,0.01,-4.72,-1.00,-1.31|0.00,-0.27,0.93,-4.34,3.73,-0.18|0.18,0.18,0.42,-4.22,-3.05,1.50
0.48,-0.17,0.01,-4.70,-1.05,-1.48|0.01,-0.27,0.93,-3.85,3.84,0.83|0.18,0.17,0.42,-3.86,-2.69,0.95
0.47,-0.17,0.01,-4.70,0.05,-1.53|0.00,-0.27,0.93,-3.09,3.85,0.76|0.18,0.17,0.42,-4.11,-2.64,-0.08
0.47,-0.16,0.00,-5.01,-0.76,-1.46|0.00,-0.27,0.93,-2.76,3.95,-0.33|0.18,0.18,0.42,-3.79,-2.03,0.12
0.47,-0.17,0.00,-5.27,-0.97,-1.50|0.01,-0.27,0.93,-2.52,3.15,0.89|0.18,0.18,0.42,-3.98,-1.74,0.34
0.47,-0.17,0.00,-5.13,-1.34,-1.66|0.00,-0.27,0.93,-2.21,2.69,0.08|0.18,0.18,0.42,-4.48,-1.49,0.76
0.47,-0.17,0.00,-4.63,-1.05,-1.81|0.00,-0.27,0.93,-2.68,2.45,0.37|0.18,0.17,0.42,-4.35,-1.92,1.87
0.47,-0.17,0.00,-4.50,-0.76,-1.85|0.00,-0.27,0.94,-2.65,1.54,1.27|0.18,0.18,0.42,-3.98,-2.55,0.36
0.47,-0.16,0.00,-4.46,-0.63,-1.92|0.00,-0.27,0.93,-2.85,1.33,1.03|0.18,0.17,0.42,-3.83,-3.42,-1.25
0.47,-0.17,0.00,-4.21,-1.23,-2.04|0.00,-0.27,0.93,-3.16,1.77,0.58|0.18,0.19,0.42,-3.77,-3.11,1.18
0.47,-0.17,0.00,-3.84,-1.30,-1.99|0.00,-0.27,0.93,-3.47,2.19,0.49|0.18,0.18,0.42,-3.96,-2.65,2.02
0.47,-0.17,0.01,-3.34,-1.29,-1.89|-0.00,-0.27,0.93,-3.61,2.62,2.21|0.18,0.18,0.42,-3.82,-2.59,1.62
0.48,-0.16,0.01,-4.37,-1.56,-1.63|0.00,-0.27,0.93,-4.15,2.66,2.38|0.17,0.18,0.42,-3.27,-2.27,2.41
0.47,-0.17,0.01,-4.03,-1.12,-1.76|0.00,-0.27,0.93,-3.21,3.18,0.55|0.18,0.18,0.42,-2.73,-1.88,2.44
0.48,-0.17,0.01,-3.65,0.03,-1.91|0.00,-0.27,0.93,-2.69,3.27,0.65|0.18,0.18,0.43,-2.82,-2.20,2.28
0.47,-0.17,0.01,-2.44,0.98,-2.64|0.00,-0.27,0.93,-2.70,3.40,0.20|0.18,0.18,0.42,-2.93,-2.65,1.03
0.47,-0.16,0.01,-2.34,1.70,-3.17|0.00,-0.27,0.94,-2.71,2.66,0.56|0.18,0.18,0.42,-3.47,-2.69,2.08
0.48,-0.17,0.01,-2.98,1.76,-2.63|0.00,-0.28,0.93,-2.92,1.71,1.18|0.18,0.18,0.42,-4.17,-4.40,0.55
0.47,-0.17,0.00,-2.81,2.06,-2.27|0.01,-0.28,0.93,-3.31,2.07,-1.34|0.18,0.18,0.42,-3.88,-4.88,-1.11
0.48,-0.16,0.01,-4.95,-0.51,-1.66|0.00,-0.27,0.93,-4.36,2.39,-1.03|0.18,0.19,0.42,-3.98,-4.24,-0.08
0.48,-0.16,0.02,-4.96,-0.08,-2.23|-0.00,-0.28,0.93,-5.15,1.70,-2.89|0.18,0.18,0.42,-3.60,-3.16,2.95
0.47,-0.16,0.02,-4.82,-0.15,-2.08|-0.00,-0.27,0.93,-5.60,1.67,-2.08|0.18,0.17,0.42,-3.34,-2.86,2.08
0.47,-0.16,0.02,-4.73,-0.28,-1.46|0.00,-0.27,0.93,-5.81,2.69,-0.37|0.18,0.17,0.42,-3.29,-2.99,0.26
0.48,-0.16,0.02,-4.26,0.99,-1.43|0.00,-0.27,0.93,-5.15,3.66,-1.22|0.18,0.18,0.42,-4.11,-2.83,1.44
0.47,-0.16,0.02,-3.40,1.27,-2.19|0.00,-0.27,0.93,-4.13,3.72,0.44|0.19,0.18,0.42,-4.63,-2.66,1.79
0.48,-0.16,0.02,-3.19,1.13,-2.17|0.00,-0.27,0.93,-3.69,3.70,0.44|0.19,0.18,0.42,-4.56,-2.95,0.99
0.47,-0.16,0.01,-2.11,2.42,-1.82|0.00,-0.27,0.93,-3.05,3.13,1.37|0.18,0.18,0.42,-4.12,-3.05,-0.05
0.47,-0.16,0.02,-4.12,-0.47,-1.31|0.00,-0.28,0.93,-2.40,2.96,1.21|0.18,0.18,0.42,-4.09,-2.69,1.67
0.48,-0.16,0.02,-4.50,-1.05,-1.28|0.01,-0.27,0.93,-1.97,2.56,-0.93|0.18,0.18,0.41,-4.40,-2.34,3.77
0.47,-0.16,0.02,-4.03,-0.60,-1.43|0.01,-0.27,0.93,-1.82,1.69,-1.73|0.18,0.18,0.42,-3.83,-2.58,0.92
0.48,-0.16,0.02,-3.61,-0.92,-1.50|0.01,-0.27,0.93,-2.60,1.30,0.78|0.18,0.18,0.42,-3.92,-2.57,2.27
0.48,-0.16,0.02,-3.34,-0.60,-1.96|0.00,-0.27,0.93,-3.00,1.37,-0.47|0.18,0.18,0.42,-4.54,-2.09,2.51
0.47,-0.16,0.03,-2.96,-1.02,-1.47|0.00,-0.27,0.93,-3.34,0.82,0.60|0.18,0.18,0.41,-4.53,-1.85,3.50
0.48,-0.16,0.03,-2.69,-0.73,-0.97|0.01,-0.27,0.93,-3.63,1.20,1.67|0.19,0.18,0.41,-5.09,-1.66,4.08
0.48,-0.16,0.03,-2.75,-1.82,-0.89|0.00,-0.27,0.93,-3.09,1.57,1.29|0.18,0.17,0.42,-5.33,-2.03,2.92
0.47,-0.16,0.02,-3.29,-1.65,-0.55|0.00,-0.27,0.93,-2.80,1.07,2.01|0.18,0.18,0.42,-4.29,-2.71,2.46
0.48,-0.16,0.02,-4.18,-1.67,-0.24|0.00,-0.27,0.93,-2.18,1.58,0.29|0.18,0.17,0.41,-3.40,-2.56,1.11
0.47,-0.16,0.02,-5.33,-2.24,0.43|0.01,-0.27,0.93,-2.16,2.23,-0.14|0.18,0.18,0.42,-2.79,-2.17,1.01
0.47,-0.16,0.03,-5.67,-2.73,0.53|0.01,-0.27,0.92,-2.28,2.26,1.01|0.18,0.17,0.41,-3.15,-1.89,0.56
0.48,-0.16,0.03,-5.49,-3.06,0.09|0.01,-0.27,0.93,-2.63,2.43,0.50|0.18,0.18,0.42,-3.88,-1.22,2.05
0.48,-0.16,0.01,-6.40,-5.40,0.44|0.01,-0.27,0.93,-3.40,2.40,1.60|0.18,0.17,0.42,-3.74,-1.12,1.45
0.48,-0.16,0.02,-6.03,-5.76,0.23|0.00,-0.28,0.93,-2.95,2.31,1.16|0.19,0.17,0.42,-3.92,-1.25,0.37
0.48,-0.17,0.02,-4.77,-2.24,-0.35|0.01,-0.27,0.93,-2.70,2.76,0.43|0.19,0.18,0.42,-4.81,-1.40,2.29
0.48,-0.17,0.02,-4.08,-2.82,-0.71|0.01,-0.26,0.93,-2.85,2.63,2.58|0.18,0.17,0.42,-6.47,-2.34,1.32
0.47,-0.16,0.02,-4.35,-2.87,-0.82|0.00,-0.27,0.93,-2.13,2.43,2.60|0.18,0.18,0.42,-5.82,-2.52,0.15
0.47,-0.16,0.01,-4.27,-1.57,-1.38|0.00,-0.27,0.93,-1.75,1.73,2.43|0.18,0.18,0.42,-4.85,-2.44,2.62
0.48,-0.16,0.01,-5.56,-3.01,-1.00|0.01,-0.27,0.93,-0.18,2.31,0.01|0.18,0.17,0.42,-4.13,-2.36,-0.15
0.48,-0.16,0.02,-5.86,-2.20,-1.54|0.01,-0.27,0.93,-0.59,1.92,0.32|0.18,0.18,0.42,-3.49,-2.13,0.37
0.48,-0.17,0.01,-5.11,-2.08,-1.53|0.00,-0.27,0.93,-1.10,1.38,2.33|0.19,0.18,0.42,-4.44,-2.21,0.44
0.47,-0.16,0.01,-5.42,-2.77,-1.15|0.00,-0.27,0.93,-2.34,1.90,2.63|0.18,0.18,0.42,-5.27,-2.37,-0.28
0.47,-0.16,0.01,-5.14,-3.15,-0.80|0.01,-0.28,0.92,-3.41,2.47,1.94|0.18,0.18,0.42,-4.67,-2.12,2.63
0.48,-0.16,0.01,-5.34,-3.20,-1.08|0.00,-0.27,0.93,-4.04,2.79,0.79|0.18,0.17,0.42,-4.03,-2.80,1.60
0.47,-0.16,0.01,-4.99,-3.09,-1.35|0.00,-0.27,0.93,-4.78,2.98,0.93|0.18,0.18,0.42,-2.97,-2.49,1.02
0.47,-0.17,0.01,-4.83,-2.41,-1.44|0.00,-0.26,0.93,-4.95,2.84,2.07|0.18,0.17,0.42,-2.67,-2.56,0.76
0.47,-0.16,0.01,-5.24,-3.21,-1.25|0.00,-0.27,0.93,-4.34,2.73,1.80|0.18,0.18,0.42,-3.24,-1.94,0.69
0.47,-0.17,0.01,-5.06,-3.02,-0.95|0.00,-0.27,0.93,-3.48,2.98,2.02|0.18,0.17,0.42,-3.68,-1.92,1.91
0.47,-0.16,0.01,-5.84,-3.81,-0.53|0.00,-0.27,0.93,-2.66,3.34,1.44|0.19,0.18,0.42,-3.79,-2.42,1.51
0.48,-0.16,0.01,-5.77,-3.38,-1.15|0.00,-0.27,0.93,-2.31,2.74,1.38|0.18,0.17,0.42,-4.05,-2.93,0.60
0.47,-0.16,0.00,-5.32,-3.05,-1.17|0.00,-0.28,0.94,-1.32,2.58,0.95|0.18,0.18,0.42,-4.03,-3.04,-0.03
0.48,-0.17,0.00,-5.90,-3.76,-1.11|0.00,-0.27,0.93,-2.65,2.15,1.21|0.18,0.18,0.41,-4.32,-2.76,1.79
0.47,-0.16,0.00,-3.81,-2.36,-1.44|0.00,-0.27,0.93,-3.27,2.16,0.20|0.18,0.17,0.42,-4.26,-2.54,1.46
0.47,-0.17,-0.00,-4.35,-1.79,-1.64|0.00,-0.27,0.93,-3.79,1.03,2.58|0.18,0.18,0.42,-4.30,-2.49,0.97
0.48,-0.16,0.00,-4.03,-1.47,-1.63|-0.00,-0.27,0.93,-3.50,1.79,1.32|0.18,0.18,0.42,-3.46,-1.82,1.37
0.47,-0.16,0.01,-3.27,-1.08,-2.21|0.00,-0.26,0.93,-2.93,1.83,1.36|0.18,0.18,0.42,-3.69,-1.07,2.18
0.47,-0.16,0.00,-4.12,-1.43,-2.02|-0.00,-0.27,0.93,-2.35,1.51,2.70|0.18,0.18,0.42,-3.93,-1.57,0.59
0.47,-0.17,0.00,-4.64,-1.29,-1.54|-0.00,-0.27,0.94,-1.29,2.34,0.02|0.18,0.17,0.42,-3.41,-1.91,2.95
0.47,-0.16,0.00,-4.16,-1.44,-1.40|-0.00,-0.27,0.93,-1.29,3.24,0.55|0.19,0.17,0.42,-3.81,-2.24,0.64
0.47,-0.16,0.01,-4.20,-1.14,-1.87|0.00,-0.27,0.93,-1.79,2.99,2.67|0.18,0.17,0.42,-4.16,-2.75,0.50
0.47,-0.16,0.00,-4.22,-1.08,-1.63|-0.00,-0.27,0.94,-2.01,2.89,1.80|0.18,0.18,0.42,-4.45,-2.19,2.23
0.47,-0.17,-0.00,-4.19,-2.11,-1.38|0.00,-0.27,0.93,-2.60,2.98,0.56|0.18,0.17,0.42,-4.69,-1.89,0.34
0.47,-0.16,0.00,-3.95,-1.86,-1.48|0.00,-0.27,0.93,-3.24,2.60,0.57|0.18,0.18,0.42,-4.28,-1.69,1.88
0.48,-0.17,0.00,-3.79,-1.64,-1.51|0.00,-0.26,0.93,-3.79,1.85,0.99|0.18,0.17,0.42,-4.02,-1.10,1.66
0.48,-0.16,0.00,-4.12,-1.50,-1.56|-0.00,-0.27,0.93,-3.77,1.62,1.47|0.18,0.18,0.42,-3.50,-1.53,1.75
0.47,-0.16,0.00,-4.52,-1.59,-1.54|-0.00,-0.27,0.93,-3.29,1.92,0.44|0.18,0.17,0.42,-3.04,-1.69,2.00
0.48,-0.16,0.01,-4.65,-0.59,-1.51|-0.00,-0.27,0.93,-2.19,2.11,0.40|0.18,0.17,0.43,-2.99,-2.82,0.22
0.48,-0.16,0.00,-5.58,-1.34,-1.38|0.00,-0.26,0.93,-2.54,2.56,0.33|0.19,0.17,0.42,-3.40,-3.34,0.53
0.47,-0.16,0.00,-5.17,-1.07,-1.73|0.00,-0.27,0.93,-2.34,3.18,-0.49|0.18,0.18,0.42,-3.70,-3.61,0.07
0.47,-0.16,-0.00,-5.07,-0.92,-1.80|0.00,-0.27,0.93,-3.13,2.81,0.35|0.18,0.17,0.42,-4.48,-3.49,0.41
0.48,-0.17,0.01,-4.36,-1.82,-1.50|0.00,-0.27,0.94,-4.70,3.60,0.89|0.18,0.18,0.42,-4.70,-2.76,0.05
0.47,-0.16,0.01,-3.68,-1.21,-2.14|-0.00,-0.26,0.93,-4.80,3.08,3.01|0.18,0.18,0.42,-5.03,-2.16,2.22
0.47,-0.16,-0.00,-4.05,-2.04,-2.47|-0.00,-0.27,0.93,-4.17,2.65,2.43|0.18,0.18,0.42,-5.11,-1.94,0.97
0.47,-0.16,0.00,-4.47,-1.50,-1.92|-0.00,-0.27,0.93,-3.31,2.89,0.27|0.18,0.18,0.42,-3.92,-1.99,2.24
0.48,-0.16,0.00,-4.47,-1.27,-2.02|-0.00,-0.26,0.93,-2.47,2.76,1.03|0.18,0.18,0.42,-3.17,-2.61,1.59
0.48,-0.16,0.01,-4.17,-0.49,-2.24|-0.00,-0.27,0.93,-1.42,2.85,0.62|0.18,0.18,0.42,-3.30,-2.79,1.92
0.48,-0.16,0.01,-3.30,1.54,-2.73|-0.00,-0.27,0.93,-0.72,2.63,0.07|0.19,0.17,0.42,-2.96,-3.11,1.63
0.47,-0.16,0.00,-3.32,1.76,-2.82|0.00,-0.27,0.93,-1.07,2.60,-0.23|0.18,0.18,0.42,-3.37,-3.45,0.40
0.47,-0.16,0.01,-4.74,0.49,-2.57|0.00,-0.27,0.93,-1.07,2.12,-0.69|0.18,0.18,0.42,-4.60,-2.98,-0.13
0.48,-0.16,0.01,-4.64,-0.09,-1.86|-0.00,-0.27,0.93,-1.86,2.22,-2.96|0.18,0.18,0.42,-4.98,-2.34,2.22
0.47,-0.16,0.01,-4.75,-1.05,-1.71|-0.00,-0.27,0.93,-3.41,2.86,-2.36|0.18,0.18,0.42,-5.63,-1.92,3.05
0.48,-0.16,0.01,-4.15,-0.11,-1.74|-0.00,-0.27,0.93,-4.89,2.37,-1.67|0.18,0.17,0.42,-5.25,-2.45,0.60
0.48,-0.16,0.01,-4.11,0.99,-1.53|-0.00,-0.27,0.93,-5.29,2.08,-1.51|0.18,0.18,0.41,-4.27,-1.89,1.08
0.48,-0.16,0.01,-4.87,-0.48,-0.96|-0.00,-0.27,0.93,-5.27,2.78,-3.51|0.19,0.17,0.42,-3.78,-2.37,1.75
0.47,-0.16,0.01,-5.08,1.02,-1.37|0.00,-0.27,0.93,-4.43,3.03,-5.54|0.19,0.17,0.42,-3.08,-3.24,-1.64
0.48,-0.16,0.02,-4.51,1.62,-1.77|-0.00,-0.26,0.94,-4.64,2.23,-1.86|0.19,0.17,0.42,-3.29,-3.69,0.15
0.48,-0.16,0.02,-2.60,2.64,-2.24|0.00,-0.27,0.93,-4.10,3.27,-1.89|0.19,0.18,0.42,-4.95,-4.11,-0.08
0.48,-0.16,0.02,-3.15,2.29,-2.30|0.00,-0.26,0.93,-3.59,3.43,-0.39|0.19,0.18,0.41,-5.61,-3.75,0.84
0.48,-0.16,0.02,-3.02,0.76,-1.81|0.00,-0.27,0.93,-3.02,3.01,-0.43|0.19,0.18,0.42,-5.57,-3.35,1.78
0.47,-0.16,0.02,-2.34,0.84,-2.20|0.00,-0.27,0.93,-2.50,3.21,0.71|0.18,0.18,0.41,-5.95,-2.98,1.47
0.48,-0.16,0.02,-2.40,-0.36,-1.50|-0.00,-0.27,0.93,-2.65,3.40,0.64|0.18,0.18,0.42,-5.40,-2.60,3.02
0.48,-0.16,0.02,-3.28,-1.00,-1.21|0.00,-0.27,0.94,-2.69,2.08,2.76|0.18,0.18,0.42,-4.19,-1.69,2.26
0.47,-0.16,0.02,-4.88,-3.27,-0.11|0.00,-0.27,0.93,-2.12,1.37,2.31|0.18,0.18,0.42,-2.79,-1.37,1.10
0.47,-0.16,0.02,-5.67,-3.34,0.24|0.00,-0.27,0.93,-1.85,1.49,-0.50|0.19,0.17,0.42,-1.66,-1.41,2.92
0.48,-0.16,0.02,-5.81,-2.89,0.27|0.00,-0.27,0.93,-2.42,1.21,-0.92|0.18,0.17,0.42,-1.93,-1.32,2.18
0.48,-0.16,0.02,-4.60,-3.58,0.50|0.00,-0.26,0.93,-3.36,1.21,0.74|0.18,0.17,0.42,-2.08,-0.98,2.49
0.48,-0.16,0.02,-3.60,-3.34,-0.55|0.00,-0.27,0.93,-3.80,1.20,2.70|0.18,0.17,0.42,-2.79,-0.48,2.44
0.47,-0.16,0.02,-3.85,-2.14,-0.75|0.00,-0.27,0.93,-3.26,1.11,2.38|0.19,0.17,0.42,-3.73,-0.30,3.57
0.48,-0.16,0.02,-4.34,-4.22,0.18|0.00,-0.26,0.93,-2.45,1.50,2.23|0.18,0.17,0.42,-5.20,-0.60,3.11
0.48,-0.16,0.02,-4.33,-3.44,-0.36|0.00,-0.26,0.93,-2.34,2.07,2.31|0.18,0.17,0.42,-5.11,-1.30,1.14
0.48,-0.16,0.02,-4.09,-2.53,-1.31|0.00,-0.26,0.93,-2.56,1.66,4.73|0.18,0.18,0.42,-5.05,-1.52,3.30
0.47,-0.16,0.01,-4.89,-4.11,-0.75|0.00,-0.27,0.93,-1.81,1.53,4.47|0.18,0.17,0.42,-4.82,-1.94,1.74
0.48,-0.16,0.02,-4.95,-3.69,-0.71|0.00,-0.27,0.93,-1.94,1.69,3.10|0.18,0.18,0.42,-4.02,-2.59,0.48
0.47,-0.16,0.01,-4.86,-3.18,-0.76|0.00,-0.27,0.93,-1.47,1.11,2.56|0.18,0.18,0.42,-3.36,-2.29,0.38
0.48,-0.16,0.01,-5.69,-3.50,-0.83|0.00,-0.27,0.93,-2.30,1.06,1.69|0.18,0.18,0.42,-2.84,-1.96,1.45
0.48,-0.16,0.01,-5.09,-3.40,-0.76|0.00,-0.27,0.93,-3.01,1.17,1.56|0.18,0.18,0.42,-2.63,-1.56,1.66
0.48,-0.16,0.01,-5.31,-4.15,-0.72|0.00,-0.27,0.93,-3.69,1.78,2.50|0.18,0.17,0.42,-3.37,-1.65,3.16
0.47,-0.16,0.00,-4.48,-3.56,-1.37|-0.00,-0.27,0.93,-4.33,2.44,1.52|0.18,0.17,0.42,-3.56,-2.37,2.29
0.48,-0.16,0.01,-4.60,-2.96,-1.02|0.00,-0.27,0.93,-4.44,2.80,2.05|0.18,0.17,0.42,-3.37,-2.29,3.18
0.47,-0.16,0.01,-4.82,-3.42,-1.66|-0.00,-0.27,0.94,-4.22,2.82,2.44|0.18,0.17,0.42,-3.49,-2.60,1.37
0.47,-0.16,0.01,-4.60,-2.64,-1.56|0.00,-0.27,0.93,-3.60,2.82,1.68|0.18,0.17,0.42,-3.69,-2.50,1.76
0.48,-0.16,0.01,-5.20,-3.07,-1.06|-0.00,-0.27,0.94,-2.60,2.70,1.50|0.18,0.17,0.42,-3.84,-3.31,0.05
0.47,-0.16,0.00,-4.76,-1.16,-1.44|0.00,-0.27,0.93,-2.44,2.99,0.99|0.18,0.17,0.42,-4.23,-2.47,1.64
0.48,-0.16,0.00,-5.43,-2.69,-0.89|0.00,-0.27,0.93,-2.37,3.31,0.81|0.18,0.18,0.42,-4.95,-2.44,1.46
0.48,-0.16,0.00,-5.22,-2.18,-1.34|-0.00,-0.27,0.94,-2.69,2.48,1.68|0.18,0.17,0.42,-4.78,-1.84,0.77
0.48,-0.16,0.00,-5.15,-1.53,-1.35|0.00,-0.27,0.94,-2.73,1.93,1.05|0.19,0.18,0.42,-4.63,-1.53,1.74
0.48,-0.16,0.01,-5.16,-1.58,-1.27|-0.00,-0.27,0.94,-1.86,2.31,-0.18|0.18,0.17,0.43,-4.38,-1.61,-0.31
0.48,-0.16,0.00,-5.15,-1.93,-1.13|-0.00,-0.27,0.93,-1.98,2.11,-0.85|0.19,0.18,0.42,-4.47,-1.47,0.47
0.47,-0.16,0.01,-4.44,-2.05,-1.33|0.00,-0.26,0.93,-2.50,2.11,1.02|0.18,0.17,0.42,-5.11,-1.82,0.89
0.48,-0.16,0.00,-4.74,-2.11,-1.25|-0.00,-0.27,0.94,-3.08,2.31,1.17|0.18,0.18,0.42,-4.73,-1.87,1.94
0.47,-0.16,0.00,-3.99,-1.63,-1.16|-0.00,-0.26,0.93,-3.30,2.37,0.27|0.18,0.17,0.42,-4.02,-2.66,1.19
0.48,-0.16,0.00,-4.34,-1.40,-1.12|-0.00,-0.26,0.93,-3.30,2.64,1.06|0.18,0.18,0.42,-3.32,-2.77,1.29
0.47,-0.16,0.00,-4.50,-1.05,-1.49|0.00,-0.27,0.93,-3.14,3.05,-0.12|0.18,0.18,0.42,-2.98,-2.72,1.07
0.47,-0.16,-0.00,-5.74,-1.03,-1.40|-0.00,-0.26,0.93,-2.32,2.82,-0.24|0.18,0.17,0.42,-2.50,-2.66,0.63
0.47,-0.16,0.01,-5.83,-0.70,-1.49|0.00,-0.27,0.93,-1.28,2.98,-1.98|0.18,0.17,0.42,-3.54,-2.35,-0.31
0.47,-0.16,0.00,-5.65,-1.56,-1.37|0.00,-0.26,0.93,-1.96,3.44,-1.40|0.18,0.17,0.42,-4.87,-2.34,0.50
0.48,-0.16,-0.00,-5.34,-2.06,-1.38|0.00,-0.27,0.93,-2.62,3.11,0.66|0.18,0.17,0.42,-5.62,-1.60,1.34
0.48,-0.17,0.00,-4.04,-0.94,-1.70|-0.00,-0.27,0.94,-2.81,2.67,0.97|0.18,0.17,0.42,-6.67,-1.11,1.24
0.47,-0.16,-0.00,-5.13,-3.24,-1.53|0.00,-0.26,0.93,-3.28,2.99,0.81|0.18,0.18,0.42,-6.88,-1.50,2.47
0.47,-0.16,-0.00,-4.72,-2.84,-1.97|0.00,-0.26,0.93,-3.11,2.96,-0.23|0.18,0.17,0.42,-5.54,-2.01,1.95
0.48,-0.16,0.00,-4.45,-2.04,-1.86|0.00,-0.26,0.94,-2.79,1.92,1.40|0.18,0.18,0.42,-4.98,-2.63,1.95
0.47,-0.16,-0.00,-4.60,-1.45,-1.66|-0.00,-0.26,0.93,-2.38,2.68,1.37|0.18,0.17,0.42,-3.95,-2.78,1.22
0.48,-0.16,-0.01,-4.89,-0.93,-1.67|-0.00,-0.27,0.94,-1.56,2.76,-0.18|0.18,0.17,0.42,-2.81,-3.02,1.77
0.47,-0.16,-0.00,-5.18,-1.11,-1.61|-0.00,-0.26,0.94,-1.21,2.31,-0.35|0.18,0.17,0.42,-3.23,-2.50,1.04
0.47,-0.16,0.00,-5.15,-0.95,-1.73|-0.00,-0.27,0.94,-1.38,2.50,-0.01|0.18,0.17,0.42,-3.11,-2.11,0.85
0.47,-0.16,-0.00,-4.87,-1.23,-1.15|0.00,-0.26,0.93,-2.21,2.43,0.20|0.18,0.17,0.42,-3.76,-1.95,1.06
0.47,-0.16,0.00,-4.64,-2.30,-0.87|-0.00,-0.27,0.93,-3.08,2.58,0.54|0.18,0.17,0.42,-4.68,-1.59,0.98
0.48,-0.16,-0.00,-4.52,-1.82,-1.25|-0.00,-0.27,0.94,-3.65,2.97,-0.22|0.18,0.17,0.42,-4.82,-1.11,1.78
0.47,-0.16,0.00,-4.07,-1.87,-1.04|-0.00,-0.26,0.94,-3.82,2.74,-0.09|0.18,0.17,0.42,-4.27,-1.26,1.37
0.48,-0.16,0.00,-3.60,-0.83,-1.21|-0.00,-0.26,0.94,-3.70,3.19,-0.18|0.18,0.18,0.42,-4.26,-1.53,0.79
0.48,-0.16,0.01,-1.93,0.84,-2.23|-0.00,-0.27,0.94,-3.53,3.13,-0.69|0.18,0.17,0.42,-3.86,-1.68,2.23
0.48,-0.16,-0.00,-2.42,3.13,-2.76|-0.00,-0.26,0.94,-2.98,2.83,-0.66|0.18,0.17,0.42,-3.11,-2.80,1.00
0.47,-0.17,0.00,-2.74,3.50,-2.78|0.00,-0.27,0.94,-2.53,1.69,0.05|0.18,0.17,0.42,-2.67,-3.30,1.19
0.48,-0.16,0.01,-5.22,-0.29,-1.38|0.00,-0.27,0.93,-2.49,2.22,-1.78|0.18,0.17,0.42,-3.72,-3.84,1.05
0.47,-0.16,0.01,-4.92,0.33,-1.65|0.00,-0.27,0.93,-3.05,2.34,-3.30|0.18,0.17,0.42,-3.96,-3.88,1.46
0.48,-0.16,0.01,-4.44,0.05,-1.16|-0.00,-0.26,0.94,-4.47,2.05,-0.85|0.18,0.17,0.42,-4.15,-3.92,1.13
0.48,-0.16,0.01,-4.10,0.02,-0.99|-0.00,-0.27,0.94,-4.89,2.53,-1.26|0.18,0.17,0.42,-4.85,-3.02,-0.26
0.48,-0.16,0.01,-2.66,1.04,-1.34|-0.00,-0.26,0.93,-5.51,2.70,-1.09|0.18,0.17,0.42,-4.63,-1.88,2.11
0.48,-0.16,0.01,-3.08,-0.69,-1.10|0.00,-0.26,0.93,-5.47,2.11,1.11|0.18,0.18,0.43,-5.40,-1.31,2.89
0.48,-0.16,0.02,-3.34,0.10,-1.29|0.00,-0.27,0.93,-4.73,2.00,-0.04|0.19,0.17,0.42,-4.92,-1.89,1.62
0.48,-0.16,0.01,-2.60,-0.18,-0.71|0.00,-0.27,0.93,-3.87,2.06,-0.35|0.18,0.18,0.42,-4.14,-2.15,3.05
0.48,-0.16,0.01,-2.34,0.45,-1.14|0.01,-0.26,0.93,-3.47,1.75,0.86|0.19,0.17,0.42,-3.94,-2.82,2.08
0.47,-0.16,0.02,-3.79,-1.46,-0.25|0.00,-0.27,0.93,-2.66,1.26,0.37|0.18,0.18,0.42,-3.02,-3.43,1.09
0.47,-0.16,0.02,-3.88,-1.22,-0.20|0.00,-0.27,0.93,-1.82,0.89,0.34|0.18,0.17,0.42,-2.45,-3.25,2.31
0.48,-0.16,0.01,-5.01,-2.20,1.07|0.01,-0.27,0.93,-1.50,1.83,-1.78|0.18,0.17,0.42,-2.52,-3.53,0.08
0.48,-0.16,0.02,-5.95,-2.41,1.29|0.01,-0.26,0.93,-1.92,1.66,-1.25|0.18,0.17,0.42,-2.29,-3.17,0.47
0.46,-0.16,0.02,-6.47,-2.79,0.95|0.01,-0.26,0.93,-3.61,0.60,0.43|0.18,0.17,0.41,-2.02,-1.53,0.14
0.48,-0.17,0.01,-5.04,-3.23,1.09|0.00,-0.27,0.93,-3.79,1.09,0.11|0.18,0.17,0.42,-3.83,-0.69,2.41
0.48,-0.17,0.01,-4.04,-2.11,0.82|0.01,-0.26,0.93,-5.14,1.97,-0.35|0.18,0.17,0.42,-3.94,-0.04,-0.05
0.48,-0.16,0.01,-4.23,-1.94,0.65|0.01,-0.26,0.93,-5.59,1.86,1.37|0.18,0.18,0.42,-3.24,0.02,3.46
0.47,-0.16,0.01,-3.88,-2.05,0.15|0.00,-0.27,0.93,-4.81,1.24,3.09|0.18,0.17,0.42,-3.56,-0.75,-1.95
0.48,-0.16,0.01,-4.00,-2.26,-0.17|0.01,-0.26,0.93,-4.15,2.21,0.77|0.18,0.19,0.42,-3.61,-0.58,-0.40
0.47,-0.16,0.01,-2.63,-1.60,-0.77|0.01,-0.26,0.93,-2.78,1.69,2.18|0.18,0.17,0.42,-4.31,-0.17,3.19
0.48,-0.17,0.01,-4.45,-3.43,-0.04|0.00,-0.27,0.93,-1.81,0.89,3.21|0.18,0.17,0.42,-4.75,-0.99,0.03
0.48,-0.16,0.01,-3.93,-1.66,-0.13|0.01,-0.27,0.93,-0.76,0.58,2.41|0.18,0.18,0.42,-3.81,-1.36,1.33
0.47,-0.17,0.01,-5.04,-2.05,0.06|0.01,-0.27,0.93,-0.03,0.39,2.02|0.18,0.17,0.42,-3.34,-1.54,0.97
0.47,-0.17,0.01,-5.52,-2.27,-0.14|0.01,-0.27,0.93,0.08,0.05,2.03|0.17,0.18,0.42,-3.27,-2.38,-2.02
0.47,-0.17,0.00,-5.63,-2.60,0.09|0.01,-0.27,0.93,-0.63,0.44,1.14|0.18,0.18,0.42,-3.13,-1.84,1.63
0.47,-0.17,0.01,-4.31,-1.68,-0.79|0.01,-0.27,0.93,-2.23,1.72,1.58|0.18,0.18,0.42,-3.44,-1.77,0.50
0.47,-0.17,0.01,-4.52,-2.96,-1.18|0.01,-0.27,0.94,-3.63,2.29,3.39|0.18,0.18,0.42,-3.92,-1.32,2.40
0.47,-0.17,0.01,-3.66,-2.60,-1.34|0.01,-0.27,0.94,-4.05,3.33,2.89|0.18,0.18,0.42,-3.69,-0.79,3.54
0.47,-0.17,0.01,-3.21,-2.24,-0.09|0.01,-0.27,0.94,-3.79,3.58,1.85|0.17,0.17,0.41,-3.18,-0.58,2.66
0.48,-0.16,0.01,-4.72,-3.44,0.35|0.00,-0.27,0.93,-3.34,2.95,0.53|0.18,0.18,0.42,-3.29,-0.80,1.78
0.48,-0.17,0.00,-4.34,-1.40,-1.66|0.01,-0.27,0.93,-2.92,2.47,-0.15|0.18,0.18,0.43,-2.62,-0.93,2.95
0.47,-0.17,0.01,-5.28,-1.60,-1.57|0.01,-0.26,0.94,-2.95,3.05,2.22|0.18,0.17,0.42,-1.74,-2.75,1.44
0.47,-0.17,0.01,-5.45,-1.08,-1.18|0.00,-0.27,0.93,-2.78,3.67,0.69|0.18,0.18,0.42,-2.53,-3.60,-0.60
0.47,-0.17,0.01,-5.50,-1.06,-0.71|0.01,-0.27,0.94,-1.63,3.41,-1.54|0.17,0.17,0.42,-3.77,-3.98,-0.15
0.47,-0.16,0.01,-6.34,-0.75,-0.38|0.01,-0.27,0.93,-0.94,2.52,-3.11|0.18,0.17,0.42,-4.15,-3.37,-1.21
0.47,-0.17,0.01,-6.94,-1.22,-0.24|0.01,-0.27,0.93,-0.79,2.58,-4.94|0.17,0.17,0.42,-4.39,-2.85,-0.98
0.47,-0.18,0.01,-6.76,-1.18,-0.69|0.01,-0.26,0.94,-1.80,2.42,-2.95|0.17,0.18,0.42,-5.34,-2.56,-0.70
0.47,-0.17,0.01,-6.48,-1.11,-0.86|0.01,-0.27,0.93,-2.74,3.20,-2.90|0.17,0.17,0.42,-5.76,-2.44,-0.83
0.47,-0.17,0.01,-6.24,-1.24,-1.52|0.01,-0.26,0.94,-3.69,4.14,-2.22|0.18,0.19,0.42,-6.05,-2.16,-0.62
0.47,-0.17,0.01,-5.71,-1.44,-1.19|0.00,-0.26,0.94,-4.21,3.95,1.00|0.18,0.18,0.42,-6.02,-1.72,1.16
0.47,-0.17,-0.00,-6.05,-1.26,-0.32|0.01,-0.27,0.93,-3.85,4.47,-1.39|0.17,0.17,0.42,-4.90,-1.63,-0.72
0.48,-0.16,0.00,-7.17,-0.73,-0.36|0.01,-0.26,0.93,-2.51,4.48,-3.41|0.17,0.18,0.43,-3.98,-1.89,-1.28
0.47,-0.17,0.01,-7.44,-0.38,-1.60|0.01,-0.26,0.93,-1.37,3.84,-3.36|0.17,0.18,0.42,-2.83,-2.29,-1.32
0.47,-0.18,0.01,-6.50,0.59,-1.36|0.01,-0.26,0.94,-1.35,4.38,-3.15|0.17,0.18,0.43,-3.32,-3.11,-1.61
0.47,-0.17,0.00,-4.85,1.07,-1.28|0.01,-0.26,0.93,-3.55,4.91,-1.92|0.18,0.18,0.42,-4.78,-3.06,-0.14
0.47,-0.17,0.01,-1.78,2.56,-3.44|0.01,-0.26,0.94,-6.07,3.94,1.36|0.17,0.18,0.42,-5.20,-2.69,1.23
0.47,-0.17,0.01,-0.40,2.69,-4.14|0.01,-0.26,0.94,-7.86,1.81,5.12|0.17,0.18,0.42,-5.14,-2.41,2.62
0.47,-0.17,0.01,0.02,1.73,-4.18|0.01,-0.27,0.94,-7.88,1.86,3.89|0.18,0.18,0.42,-4.85,-2.58,3.65
0.47,-0.17,0.01,0.21,1.18,-3.93|0.01,-0.27,0.93,-6.75,1.99,0.75|0.18,0.18,0.42,-4.36,-3.38,4.85
0.47,-0.17,0.02,-0.67,0.78,-3.99|0.01,-0.26,0.94,-5.80,1.08,2.11|0.18,0.18,0.42,-2.83,-4.08,5.06
0.48,-0.16,0.02,-0.37,0.93,-3.44|0.01,-0.26,0.94,-5.15,0.12,3.37|0.18,0.17,0.42,-0.82,-5.05,2.53
0.47,-0.17,0.02,-0.83,0.47,-2.40|0.01,-0.27,0.94,-3.07,-0.97,4.52|0.18,0.18,0.42,-1.34,-4.06,2.21
0.47,-0.16,0.02,-3.59,-2.37,-0.37|0.00,-0.28,0.93,-0.05,-1.88,0.63|0.18,0.17,0.42,-2.33,-2.99,2.61
0.47,-0.16,0.03,-4.43,-2.31,0.79|0.01,-0.27,0.93,1.53,-2.15,-2.27|0.17,0.18,0.42,-3.01,-1.16,3.66
0.47,-0.17,0.02,-4.06,-1.97,-0.56|0.01,-0.27,0.93,0.96,-1.75,-0.24|0.18,0.17,0.42,-4.16,-1.30,4.04
0.47,-0.17,0.01,-3.95,-2.66,-0.93|0.00,-0.27,0.93,-1.47,0.18,1.42|0.18,0.17,0.42,-4.26,-1.81,4.14
0.48,-0.17,0.02,-2.79,-2.04,-1.07|0.01,-0.27,0.93,-4.27,1.81,2.19|0.18,0.18,0.42,-5.13,-2.44,2.32
0.47,-0.17,0.02,-1.01,-0.18,-2.47|0.00,-0.27,0.92,-5.64,3.32,2.32|0.18,0.18,0.42,-5.02,-1.92,5.24
0.47,-0.16,0.01,-1.08,-0.25,-2.05|0.01,-0.27,0.93,-6.15,4.02,2.92|0.18,0.18,0.42,-4.47,-2.24,3.96
0.48,-0.17,0.02,-1.88,-0.02,-2.44|0.01,-0.27,0.93,-6.47,4.44,1.27|0.18,0.17,0.42,-4.11,-2.44,4.47
0.47,-0.16,0.03,-2.74,-0.82,-1.74|0.01,-0.27,0.93,-5.35,4.77,-0.92|0.18,0.18,0.42,-2.79,-2.55,3.11
0.47,-0.17,0.03,-3.92,-1.05,-1.23|0.01,-0.27,0.94,-4.78,3.38,1.93|0.18,0.18,0.42,-2.96,-3.08,3.87
0.47,-0.16,0.02,-4.48,-1.44,-0.82|0.01,-0.27,0.93,-3.76,3.09,0.85|0.18,0.17,0.42,-2.87,-3.76,0.92
0.47,-0.16,0.02,-5.55,-1.67,-0.47|0.01,-0.27,0.93,-2.77,2.93,-0.63|0.18,0.17,0.41,-3.28,-3.08,2.77
0.47,-0.17,0.02,-6.74,-2.89,0.29|0.01,-0.27,0.93,-1.72,1.23,0.24|0.18,0.17,0.41,-4.01,-3.13,-0.05
0.47,-0.17,0.02,-6.15,-2.22,0.23|0.01,-0.27,0.93,-1.40,1.00,-0.70|0.18,0.18,0.42,-4.66,-2.18,-0.07
0.47,-0.17,0.02,-5.98,-2.79,0.17|0.02,-0.27,0.93,-2.38,1.01,0.48|0.18,0.18,0.42,-4.40,-1.44,3.32
0.48,-0.17,0.02,-4.74,-2.86,-0.47|0.01,-0.27,0.93,-3.35,0.72,2.11|0.18,0.17,0.42,-4.37,-1.15,4.67
0.47,-0.17,0.02,-4.14,-2.78,-0.73|0.01,-0.27,0.93,-3.98,0.35,3.62|0.18,0.18,0.42,-3.57,-2.14,-0.12
0.48,-0.16,0.02,-4.05,-2.91,-0.66|0.01,-0.27,0.93,-3.45,1.06,2.83|0.18,0.18,0.42,-2.62,-1.81,1.27
0.48,-0.17,0.02,-3.50,-2.21,-1.15|0.00,-0.27,0.93,-2.86,1.68,2.14|0.18,0.18,0.42,-2.56,-1.53,1.55
0.47,-0.17,0.02,-2.71,-1.97,-1.34|0.01,-0.26,0.93,-3.11,1.98,3.40|0.18,0.17,0.42,-2.30,-1.79,1.69
0.47,-0.17,0.02,-2.46,-1.02,-1.83|0.01,-0.27,0.93,-3.08,2.06,5.11|0.18,0.17,0.42,-2.49,-1.29,2.20
0.48,-0.16,0.02,-3.68,-3.14,-1.08|0.01,-0.27,0.93,-2.70,2.48,5.05|0.18,0.18,0.42,-3.56,-1.13,2.73
0.47,-0.16,0.02,-4.45,-3.33,-0.98|0.01,-0.27,0.93,-1.63,2.53,2.15|0.18,0.17,0.42,-3.50,-1.43,3.18
0.48,-0.16,0.02,-4.60,-2.21,-0.98|0.01,-0.27,0.94,-1.66,1.73,2.74|0.18,0.17,0.42,-3.28,-2.24,3.55
0.48,-0.17,0.02,-4.61,-2.69,-0.95|0.01,-0.28,0.93,-1.64,1.53,2.11|0.18,0.17,0.42,-2.99,-2.80,0.19
0.47,-0.16,0.01,-4.63,-2.34,-1.01|0.01,-0.27,0.93,-2.38,1.24,1.14|0.18,0.18,0.41,-3.60,-2.96,0.52
0.47,-0.17,0.02,-4.52,-2.49,-0.73|0.00,-0.27,0.93,-3.17,0.66,2.33|0.18,0.18,0.42,-4.26,-2.11,1.36
0.48,-0.17,0.01,-5.50,-2.70,-0.95|0.01,-0.27,0.93,-3.27,1.07,2.18|0.18,0.18,0.42,-4.60,-1.46,1.11
0.47,-0.16,0.01,-5.00,-2.61,-1.18|0.00,-0.27,0.93,-3.50,1.80,1.26|0.18,0.18,0.42,-4.24,-1.14,0.90
0.48,-0.17,0.02,-5.44,-2.35,-1.05|0.00,-0.27,0.93,-2.79,2.69,1.76|0.18,0.18,0.42,-4.27,-1.35,1.47
0.47,-0.17,0.01,-5.21,-1.84,-1.65|0.00,-0.27,0.93,-2.96,3.22,1.55|0.18,0.17,0.42,-4.45,-1.72,-0.56
0.48,-0.17,0.01,-5.36,-2.82,-1.31|0.01,-0.27,0.93,-2.98,3.54,1.53|0.18,0.18,0.42,-4.12,-2.11,1.21
0.47,-0.17,0.01,-5.12,-2.60,-1.40|0.00,-0.27,0.93,-3.10,3.83,1.65|0.18,0.18,0.42,-4.69,-2.65,1.19
0.47,-0.17,0.01,-5.15,-3.90,-0.95|0.01,-0.27,0.93,-3.36,3.59,2.24|0.18,0.18,0.42,-4.49,-3.34,0.50
0.47,-0.17,0.01,-5.66,-4.12,-0.87|0.00,-0.27,0.93,-2.98,3.69,1.55|0.18,0.18,0.42,-3.76,-3.48,1.50
0.47,-0.17,0.01,-5.57,-3.02,-1.38|0.00,-0.27,0.94,-3.19,3.66,0.12|0.18,0.18,0.41,-4.09,-3.50,1.82
0.47,-0.17,0.01,-6.16,-3.46,-0.64|0.01,-0.27,0.93,-2.78,3.53,0.34|0.17,0.18,0.42,-4.17,-3.56,1.31
0.47,-0.16,0.01,-6.06,-3.43,-1.47|0.00,-0.27,0.93,-2.95,2.98,0.40|0.18,0.17,0.42,-3.30,-3.14,1.40
0.47,-0.17,-0.00,-5.76,-2.27,-1.89|0.00,-0.27,0.93,-2.92,2.05,0.19|0.18,0.18,0.42,-3.54,-2.98,0.83
0.47,-0.17,0.00,-5.72,-2.36,-1.52|0.00,-0.27,0.93,-2.76,2.53,-0.23|0.18,0.17,0.42,-3.94,-2.36,0.79
0.47,-0.16,0.01,-4.48,-1.37,-1.85|0.00,-0.26,0.93,-3.17,3.04,-0.92|0.18,0.18,0.42,-4.54,-2.13,2.37
0.47,-0.17,-0.00,-4.36,-1.73,-1.76|0.00,-0.26,0.93,-2.93,1.86,2.46|0.18,0.17,0.42,-5.42,-2.29,0.11
0.47,-0.17,0.00,-4.69,-2.20,-1.66|0.00,-0.27,0.93,-2.61,1.90,2.42|0.18,0.18,0.42,-5.18,-1.57,1.42
0.47,-0.16,0.01,-4.39,-1.54,-1.79|0.00,-0.27,0.93,-1.56,2.95,-0.24|0.18,0.18,0.42,-4.82,-1.11,3.54
0.47,-0.16,0.00,-4.34,-1.27,-1.48|0.00,-0.26,0.93,-1.31,2.72,0.47|0.18,0.17,0.42,-4.73,-1.64,0.91
0.48,-0.16,0.01,-3.11,0.80,-2.55|0.00,-0.27,0.93,-1.58,2.90,1.26|0.18,0.18,0.42,-3.69,-2.04,1.71
0.48,-0.16,0.01,-2.09,1.95,-3.37|0.00,-0.27,0.93,-2.00,3.02,0.40|0.18,0.17,0.42,-3.70,-2.14,2.18
0.47,-0.16,0.00,-2.84,1.89,-3.34|0.00,-0.27,0.94,-2.82,2.25,0.26|0.18,0.17,0.42,-3.90,-2.87,0.72
0.47,-0.16,-0.00,-3.12,-0.26,-2.39|0.00,-0.28,0.93,-3.26,1.31,-0.48|0.19,0.18,0.42,-3.92,-2.91,2.12
0.47,-0.17,0.01,-3.57,-0.89,-1.86|0.01,-0.27,0.93,-4.13,2.27,-2.58|0.18,0.18,0.42,-4.54,-3.42,3.09
0.47,-0.16,0.00,-3.01,0.56,-1.82|0.00,-0.27,0.93,-5.15,2.37,-1.82|0.18,0.17,0.42,-4.62,-4.37,2.18
0.47,-0.17,0.01,-2.50,1.10,-1.92|0.00,-0.27,0.93,-5.28,1.89,0.02|0.18,0.18,0.42,-4.21,-4.05,0.92
0.48,-0.16,0.01,-4.03,-1.04,-1.92|0.00,-0.26,0.93,-5.47,2.89,-1.77|0.18,0.18,0.42,-4.44,-3.06,3.21
0.47,-0.16,0.02,-4.04,0.22,-2.26|0.00,-0.27,0.93,-4.15,3.08,-2.88|0.18,0.17,0.42,-3.87,-2.96,1.86
0.48,-0.17,0.01,-3.42,2.15,-2.20|0.00,-0.26,0.93,-3.86,2.63,-0.05|0.18,0.17,0.42,-3.35,-3.37,1.12
0.48,-0.16,0.02,-3.97,0.70,-1.60|0.00,-0.27,0.93,-3.10,3.63,-0.56|0.18,0.17,0.42,-3.78,-3.22,-0.08
0.47,-0.16,0.01,-4.63,0.59,-1.56|0.01,-0.27,0.93,-3.00,3.40,-1.28|0.18,0.17,0.41,-3.87,-3.22,0.37
0.47,-0.17,0.02,-5.27,-0.41,-0.73|0.01,-0.27,0.93,-2.50,2.19,0.01|0.19,0.17,0.41,-4.42,-3.04,0.74
0.47,-0.16,0.02,-4.79,-0.43,-0.44|0.01,-0.27,0.93,-2.92,2.58,-1.50|0.18,0.17,0.41,-5.04,-2.92,-0.24
0.47,-0.16,0.02,-5.02,-1.94,-0.18|0.00,-0.27,0.93,-3.81,2.31,0.13|0.18,0.18,0.42,-5.26,-2.33,1.04
0.48,-0.16,0.02,-5.27,-2.56,-0.21|0.00,-0.27,0.93,-3.57,1.29,1.63|0.18,0.17,0.42,-5.45,-1.89,0.89
0.47,-0.16,0.02,-4.83,-2.58,-0.27|0.01,-0.27,0.93,-3.21,1.35,0.60|0.18,0.18,0.41,-4.22,-0.74,1.72
0.47,-0.16,0.02,-4.60,-2.50,-0.14|0.00,-0.27,0.93,-3.03,1.82,0.28|0.19,0.17,0.42,-3.75,-1.23,0.86
0.48,-0.16,0.01,-5.23,-3.64,-0.17|0.00,-0.26,0.93,-2.60,0.76,3.19|0.18,0.18,0.42,-3.50,-1.23,-0.66
0.48,-0.16,0.02,-5.03,-3.56,-0.45|0.00,-0.27,0.93,-1.54,1.34,2.98|0.18,0.17,0.42,-2.83,-0.91,1.11
0.47,-0.16,0.02,-4.01,-2.66,-1.66|0.00,-0.26,0.93,-0.93,2.33,0.73|0.18,0.18,0.42,-3.01,-1.50,1.81
0.47,-0.17,0.01,-4.40,-3.65,-0.42|0.00,-0.27,0.93,-0.22,2.26,2.81|0.19,0.17,0.42,-3.82,-2.25,0.34
0.48,-0.17,0.02,-5.60,-4.54,-0.08|0.01,-0.27,0.93,-1.29,1.73,5.12|0.18,0.17,0.42,-3.92,-1.82,1.11
0.47,-0.16,0.01,-5.32,-4.58,-0.41|0.01,-0.27,0.94,-1.14,2.85,0.60|0.18,0.17,0.42,-4.08,-1.51,3.08
0.48,-0.16,0.01,-5.03,-3.82,-0.50|0.00,-0.27,0.94,-1.79,1.94,2.50|0.18,0.17,0.42,-4.81,-1.53,2.29
0.48,-0.17,0.01,-4.68,-4.18,-0.40|0.01,-0.27,0.93,-2.72,1.98,2.34|0.18,0.17,0.42,-4.33,-1.35,0.67
0.48,-0.17,0.01,-3.85,-3.39,-0.82|0.00,-0.27,0.94,-3.31,1.92,2.24|0.18,0.18,0.42,-4.02,-0.60,2.41
0.48,-0.16,0.01,-4.30,-4.14,-0.76|0.01,-0.27,0.94,-3.18,1.35,2.35|0.18,0.17,0.42,-4.73,-0.17,1.46
0.47,-0.17,0.01,-4.37,-3.50,-0.81|0.00,-0.27,0.93,-3.11,0.95,1.27|0.18,0.17,0.42,-3.79,-0.96,2.17
0.47,-0.16,0.00,-5.18,-4.29,-0.60|-0.00,-0.26,0.93,-2.79,1.06,0.89|0.18,0.17,0.42,-3.50,-1.92,2.35
0.47,-0.17,-0.00,-5.37,-3.43,-0.98|0.00,-0.27,0.94,-2.37,0.99,-0.20|0.18,0.17,0.42,-3.48,-3.07,0.28
0.47,-0.17,0.01,-5.15,-2.84,-0.80|0.00,-0.26,0.93,-2.59,1.92,-0.27|0.18,0.18,0.42,-3.44,-2.87,2.11
0.47,-0.17,0.00,-5.18,-2.46,-1.01|-0.00,-0.26,0.93,-3.01,2.91,1.13|0.18,0.17,0.43,-3.85,-2.95,2.10
0.47,-0.17,-0.00,-5.35,-2.27,-0.98|0.00,-0.27,0.93,-2.24,3.44,1.21|0.18,0.17,0.42,-4.60,-2.79,0.40
0.47,-0.17,-0.00,-5.79,-2.43,-1.57|0.00,-0.26,0.93,-1.98,3.79,0.95|0.17,0.17,0.42,-4.47,-1.42,2.33
0.47,-0.17,-0.00,-5.96,-2.02,-1.82|0.00,-0.27,0.93,-1.44,4.42,-0.73|0.18,0.17,0.43,-4.38,-0.87,1.70
0.47,-0.17,-0.00,-5.02,-0.98,-1.82|0.01,-0.26,0.94,-1.41,4.31,0.38|0.18,0.17,0.42,-5.20,-1.33,-1.11
0.47,-0.17,0.00,-5.75,-1.60,-1.56|0.00,-0.26,0.94,-2.51,3.85,1.24|0.18,0.17,0.42,-5.65,-1.47,0.98
0.48,-0.17,0.00,-4.64,-1.11,-2.22|0.00,-0.27,0.94,-2.53,3.78,-0.31|0.18,0.17,0.42,-5.56,-1.51,1.25
0.47,-0.17,0.00,-3.77,-0.31,-2.60|0.01,-0.26,0.94,-3.41,2.87,1.41|0.18,0.17,0.42,-5.59,-2.79,1.59
0.48,-0.17,0.01,-2.88,0.58,-2.82|0.00,-0.27,0.94,-3.58,2.65,0.04|0.18,0.17,0.42,-5.44,-3.54,0.54
0.47,-0.17,0.00,-1.90,1.76,-3.65|0.00,-0.27,0.94,-3.66,2.13,-0.24|0.18,0.18,0.42,-4.54,-3.72,2.32
0.47,-0.16,0.01,-2.26,1.54,-3.80|0.00,-0.26,0.94,-3.42,1.64,-0.15|0.18,0.17,0.42,-3.80,-3.62,3.11
0.48,-0.16,0.01,-3.00,1.60,-3.20|-0.00,-0.26,0.94,-3.44,1.70,-0.94|0.18,0.17,0.42,-2.63,-4.18,1.38
0.47,-0.16,0.00,-4.15,-0.40,-2.00|0.00,-0.26,0.93,-3.56,1.82,0.03|0.18,0.17,0.41,-2.62,-3.82,2.57
0.47,-0.16,0.01,-4.58,-0.17,-2.02|-0.00,-0.27,0.94,-3.46,2.12,-0.27|0.18,0.17,0.42,-3.02,-3.49,1.58
0.48,-0.16,0.01,-4.13,0.29,-2.06|0.00,-0.27,0.94,-3.29,2.25,-1.05|0.18,0.17,0.42,-2.59,-2.61,2.69
0.47,-0.17,0.00,-3.98,0.56,-1.78|0.00,-0.26,0.94,-4.50,2.77,0.04|0.18,0.17,0.42,-2.76,-2.41,1.18
0.47,-0.16,0.01,-3.79,-0.25,-1.01|0.00,-0.27,0.93,-4.78,2.50,0.67|0.18,0.17,0.42,-4.21,-2.61,1.16
0.48,-0.16,0.01,-3.90,-0.83,-0.60|0.00,-0.27,0.92,-5.09,2.83,-0.66|0.18,0.17,0.42,-4.24,-1.73,3.02
0.48,-0.16,0.01,-2.28,1.16,-1.63|0.00,-0.27,0.93,-5.09,2.51,-2.32|0.18,0.17,0.42,-3.69,-1.69,2.50
0.48,-0.16,0.01,-2.86,0.43,-1.51|0.00,-0.26,0.94,-4.79,1.55,1.04|0.18,0.17,0.42,-3.72,-1.81,0.83
0.47,-0.16,0.01,-2.82,0.71,-1.48|0.00,-0.26,0.93,-4.66,1.47,0.21|0.18,0.17,0.42,-4.46,-2.05,2.31
0.47,-0.16,0.01,-4.34,-1.63,-0.98|0.01,-0.26,0.93,-3.53,1.67,-0.87|0.18,0.17,0.41,-3.79,-2.91,1.11
0.48,-0.16,0.01,-5.19,-2.42,-0.02|0.00,-0.26,0.93,-2.53,1.19,1.03|0.18,0.17,0.42,-4.18,-3.08,1.74
0.47,-0.16,0.02,-5.11,-2.53,0.01|0.00,-0.26,0.93,-1.52,2.05,1.05|0.18,0.17,0.42,-4.33,-2.98,-1.82
0.48,-0.16,0.02,-5.36,-2.42,-0.26|0.00,-0.27,0.93,-1.22,2.77,1.43|0.17,0.17,0.42,-3.92,-1.69,2.15
0.48,-0.16,0.01,-5.26,-2.90,-0.35|0.01,-0.27,0.94,-0.57,2.08,2.55|0.18,0.17,0.42,-4.68,-0.87,-1.20
0.47,-0.16,0.01,-5.39,-2.98,-0.27|0.01,-0.27,0.93,-0.57,2.19,2.79|0.18,0.18,0.42,-4.47,-0.32,-0.30
0.47,-0.16,0.01,-5.27,-3.92,-0.07|0.01,-0.27,0.93,-1.28,2.38,1.56|0.18,0.17,0.42,-4.43,-0.11,2.37
0.47,-0.17,0.01,-5.69,-5.26,-0.08|0.01,-0.27,0.94,-1.93,1.37,2.36|0.18,0.17,0.42,-4.94,-0.87,0.47
0.47,-0.17,0.01,-5.66,-5.24,-0.70|0.01,-0.27,0.93,-2.72,1.53,2.10|0.19,0.17,0.43,-4.12,-1.51,2.85
0.47,-0.17,0.01,-5.19,-4.42,-0.76|0.00,-0.27,0.94,-3.52,1.22,2.37|0.18,0.17,0.42,-3.95,-2.24,2.01
0.47,-0.16,0.01,-4.95,-3.85,-1.39|0.00,-0.27,0.93,-3.23,1.67,3.11|0.18,0.18,0.42,-4.40,-3.16,1.80
0.48,-0.16,0.00,-5.23,-3.42,-1.45|-0.00,-0.26,0.93,-2.63,2.18,1.73|0.18,0.17,0.43,-3.59,-3.27,2.79
0.47,-0.17,0.00,-5.63,-3.20,-2.02|0.00,-0.26,0.94,-2.21,2.52,1.42|0.18,0.17,0.42,-3.17,-3.47,1.14
0.47,-0.16,-0.00,-5.46,-3.40,-1.63|0.00,-0.26,0.93,-1.54,3.40,1.78|0.18,0.17,0.43,-3.76,-3.39,0.81
0.48,-0.16,0.00,-5.83,-2.82,-1.94|-0.00,-0.27,0.93,-2.21,3.76,1.86|0.18,0.17,0.43,-3.54,-2.94,1.51
0.46,-0.16,0.00,-5.16,-1.73,-2.19|0.00,-0.26,0.94,-2.54,3.52,2.09|0.18,0.17,0.42,-3.66,-3.01,1.34
0.48,-0.17,-0.00,-5.13,-0.82,-2.05|0.00,-0.27,0.93,-3.01,3.96,1.95|0.18,0.17,0.42,-3.89,-3.56,0.58
0.48,-0.16,-0.00,-5.63,-1.64,-1.82|0.00,-0.26,0.94,-3.74,4.38,0.50|0.18,0.17,0.43,-4.13,-3.17,0.10
0.47,-0.16,0.00,-5.18,-1.72,-2.40|-0.00,-0.27,0.94,-3.65,3.30,1.39|0.18,0.17,0.42,-4.50,-3.21,0.47
0.47,-0.16,-0.00,-5.80,-2.27,-1.90|-0.00,-0.27,0.94,-3.88,3.11,0.60|0.19,0.18,0.42,-4.72,-3.15,0.76
0.47,-0.17,0.00,-5.33,-1.89,-0.91|0.00,-0.27,0.94,-4.19,3.48,-0.27|0.18,0.17,0.42,-4.74,-3.57,-0.27
0.47,-0.16,-0.00,-5.40,-2.49,-1.12|-0.00,-0.26,0.94,-4.18,2.71,1.18|0.18,0.17,0.42,-4.40,-2.98,1.01
0.47,-0.16,-0.00,-5.21,-2.05,-1.44|-0.00,-0.26,0.93,-3.60,2.58,-0.08|0.18,0.17,0.42,-3.85,-2.21,1.41
0.47,-0.16,-0.00,-5.73,-2.28,-0.81|-0.00,-0.26,0.93,-2.78,2.40,-0.34|0.18,0.17,0.42,-3.46,-1.66,1.11
0.47,-0.17,-0.00,-5.37,-2.25,-0.41|-0.00,-0.26,0.94,-2.21,2.29,-0.58|0.18,0.17,0.42,-3.21,-1.30,0.05
0.48,-0.16,-0.00,-5.07,-1.41,-0.67|-0.00,-0.26,0.93,-1.84,2.36,-0.08|0.18,0.17,0.42,-3.62,-0.59,1.03
0.48,-0.17,-0.01,-4.22,0.02,-0.99|-0.00,-0.26,0.93,-1.50,2.05,0.95|0.18,0.17,0.42,-4.05,-0.44,-0.34
0.48,-0.17,-0.01,-3.44,0.77,-1.18|-0.00,-0.27,0.93,-1.32,1.92,0.72|0.18,0.17,0.42,-4.28,-0.19,0.60
0.48,-0.17,0.00,-3.47,-0.30,-1.23|0.00,-0.27,0.93,-2.45,2.00,-0.34|0.19,0.18,0.42,-5.30,-0.29,1.81
0.47,-0.16,0.00,-2.73,0.34,-2.06|-0.00,-0.26,0.94,-2.85,1.34,-0.62|0.18,0.17,0.42,-4.61,-0.73,0.78
0.47,-0.16,-0.00,-2.40,0.92,-2.24|0.00,-0.26,0.93,-4.18,0.20,1.43|0.19,0.18,0.42,-4.04,-2.61,1.78
0.48,-0.17,-0.00,-2.05,1.86,-2.69|-0.00,-0.27,0.93,-4.38,1.36,-1.40|0.18,0.17,0.42,-3.86,-3.46,1.76
0.48,-0.16,0.00,-2.73,1.44,-2.37|-0.00,-0.26,0.93,-4.62,1.84,-1.42|0.18,0.17,0.42,-2.99,-4.36,2.60
0.48,-0.16,0.01,-3.06,1.45,-2.76|-0.00,-0.26,0.93,-4.66,1.80,0.16|0.18,0.17,0.42,-3.52,-4.63,1.91
0.48,-0.16,0.01,-3.61,0.95,-2.63|-0.00,-0.27,0.94,-3.95,2.82,-0.89|0.18,0.17,0.42,-3.39,-4.12,2.00
0.47,-0.16,0.00,-4.50,0.57,-1.69|0.00,-0.27,0.93,-3.87,3.53,-1.88|0.18,0.17,0.42,-3.09,-3.79,2.18
0.48,-0.16,0.02,-4.49,0.89,-1.81|0.00,-0.26,0.93,-3.30,3.82,-2.53|0.18,0.17,0.42,-3.51,-3.45,0.02
0.47,-0.17,0.01,-4.31,-0.33,-1.25|0.00,-0.27,0.93,-4.02,3.63,-1.22|0.18,0.17,0.42,-4.35,-2.73,0.77
0.47,-0.16,0.01,-3.73,0.11,-1.37|0.01,-0.27,0.93,-4.40,3.64,-0.33|0.18,0.17,0.42,-5.04,-1.89,1.38
0.48,-0.16,0.01,-3.99,0.35,-1.57|0.00,-0.27,0.93,-3.91,2.87,-1.05|0.19,0.17,0.42,-5.51,-1.73,1.77
0.47,-0.16,0.01,-3.77,-0.14,-1.48|0.01,-0.26,0.94,-3.90,1.98,-0.92|0.18,0.17,0.43,-4.97,-1.98,1.41
0.47,-0.16,0.02,-4.79,-0.66,-1.73|0.01,-0.26,0.93,-4.03,1.51,0.37|0.18,0.17,0.42,-4.93,-2.29,0.37
0.47,-0.16,0.01,-5.21,-1.79,-0.57|0.00,-0.26,0.93,-2.81,1.23,0.30|0.18,0.17,0.42,-5.20,-3.24,0.94
0.48,-0.16,0.01,-5.70,-3.02,-0.16|0.00,-0.26,0.94,-2.47,1.73,-0.31|0.19,0.17,0.42,-3.77,-2.94,0.30
0.47,-0.16,0.01,-4.95,-2.24,-0.79|0.00,-0.26,0.93,-2.46,1.73,1.35|0.18,0.17,0.42,-2.82,-2.86,1.11
0.47,-0.16,0.01,-5.15,-3.06,-0.31|0.00,-0.27,0.93,-2.14,2.01,2.31|0.18,0.17,0.42,-3.34,-2.50,0.47
0.47,-0.15,0.00,-6.49,-5.67,0.30|0.00,-0.26,0.93,-2.15,2.05,2.72|0.18,0.17,0.42,-3.25,-2.22,1.34
0.47,-0.16,0.01,-6.26,-3.33,-0.19|-0.00,-0.27,0.93,-0.97,2.11,1.72|0.18,0.16,0.42,-2.70,-2.17,1.14
0.47,-0.17,0.00,-5.94,-3.47,-0.24|0.00,-0.27,0.93,-1.05,3.24,-0.98|0.18,0.17,0.42,-3.15,-2.64,-1.36
0.47,-0.17,0.01,-5.69,-2.55,0.31|0.00,-0.27,0.93,-2.78,3.42,1.25|0.18,0.17,0.42,-4.72,-2.87,0.35
0.47,-0.16,0.00,-5.39,-3.02,-0.21|0.01,-0.27,0.93,-3.92,3.16,2.89|0.19,0.17,0.42,-5.85,-2.22,1.11
0.48,-0.16,0.01,-5.27,-2.70,-1.03|0.00,-0.27,0.93,-4.57,2.74,1.35|0.18,0.17,0.43,-5.71,-1.99,1.16
0.47,-0.16,0.00,-4.79,-2.09,-1.07|0.00,-0.26,0.93,-4.24,2.08,1.02|0.18,0.17,0.42,-4.66,-1.93,0.73
0.47,-0.17,0.00,-5.11,-2.38,-0.95|0.00,-0.26,0.94,-4.38,2.05,1.02|0.18,0.18,0.42,-4.35,-1.69,-0.08
0.47,-0.17,0.00,-4.82,-2.21,-1.18|0.00,-0.26,0.93,-4.05,1.54,1.72|0.18,0.17,0.42,-3.98,-1.53,0.81
0.47,-0.17,0.00,-4.33,-2.38,-1.48|0.00,-0.26,0.94,-3.45,1.40,1.96|0.18,0.17,0.41,-3.48,-1.50,2.18
0.47,-0.17,-0.00,-4.47,-2.93,-0.71|0.00,-0.27,0.93,-2.35,1.69,2.55|0.18,0.18,0.42,-4.23,-1.93,2.06
0.48,-0.16,-0.00,-3.87,-2.02,-1.28|0.00,-0.27,0.93,-1.98,1.97,2.09|0.18,0.17,0.42,-2.97,-2.04,1.95
0.47,-0.16,-0.01,-3.55,-0.98,-1.45|0.00,-0.27,0.94,-1.69,1.55,2.16|0.18,0.17,0.42,-2.12,-2.05,1.94
0.48,-0.16,0.00,-4.14,-1.86,-1.21|0.00,-0.27,0.93,-1.78,1.40,3.10|0.18,0.17,0.42,-1.63,-2.24,0.42
0.47,-0.16,-0.00,-4.91,-2.98,-0.64|0.00,-0.27,0.93,-2.53,1.69,1.64|0.18,0.18,0.42,-1.54,-2.45,0.81
0.47,-0.16,0.00,-4.21,-2.39,-0.85|0.00,-0.27,0.93,-3.03,1.51,1.95|0.18,0.17,0.42,-2.31,-2.61,1.24
0.48,-0.17,-0.00,-4.95,-2.95,-0.17|0.00,-0.27,0.93,-4.02,1.78,1.39|0.18,0.17,0.43,-3.25,-2.97,1.24
0.47,-0.17,-0.00,-5.02,-3.66,-0.28|-0.00,-0.27,0.93,-5.00,1.89,0.83|0.18,0.17,0.42,-3.89,-2.84,1.87
0.48,-0.16,-0.01,-6.10,-5.15,-0.01|0.00,-0.27,0.93,-4.89,2.41,1.54|0.18,0.17,0.42,-3.87,-2.82,1.91
0.47,-0.17,-0.01,-6.13,-2.93,-0.30|-0.00,-0.27,0.93,-3.77,2.88,-2.05|0.18,0.17,0.42,-3.75,-2.28,-0.32
0.47,-0.17,-0.00,-6.06,-2.55,-0.89|-0.00,-0.26,0.94,-3.18,3.40,-1.81|0.18,0.17,0.42,-3.82,-1.73,0.31
0.47,-0.17,-0.01,-6.31,-1.69,-1.69|-0.00,-0.26,0.94,-3.19,3.18,0.29|0.18,0.17,0.42,-4.38,-1.21,-0.85
0.47,-0.17,-0.01,-6.04,-1.11,-1.11|-0.00,-0.27,0.93,-2.53,2.89,1.82|0.18,0.18,0.42,-4.89,-1.31,0.35
0.47,-0.17,-0.00,-5.33,-0.56,-1.40|-0.00,-0.27,0.93,-1.95,4.18,-0.69|0.18,0.17,0.42,-5.87,-2.40,0.43
0.47,-0.17,-0.01,-4.04,-0.27,-1.61|0.00,-0.27,0.93,-1.85,3.87,-0.33|0.18,0.18,0.43,-6.00,-2.73,-0.55
0.48,-0.17,0.00,-4.11,-0.87,-2.08|0.01,-0.27,0.93,-2.78,2.52,0.67|0.18,0.17,0.42,-5.23,-2.87,1.27
0.47,-0.17,-0.01,-2.67,-0.96,-2.21|0.00,-0.26,0.93,-3.63,1.44,1.71|0.19,0.18,0.42,-4.77,-2.24,1.13
0.47,-0.17,-0.00,-2.66,-1.18,-1.89|0.00,-0.26,0.94,-4.03,0.85,3.11|0.18,0.18,0.42,-4.35,-1.94,2.42
0.47,-0.17,-0.01,-2.73,-1.27,-1.83|0.00,-0.27,0.93,-3.50,0.69,1.92|0.18,0.18,0.42,-3.50,-1.51,3.09
0.47,-0.17,-0.00,-2.35,-1.12,-1.92|-0.00,-0.26,0.94,-2.44,0.83,1.45|0.18,0.17,0.42,-2.27,-1.06,4.17
0.47,-0.17,-0.01,-3.33,-1.37,-1.56|-0.00,-0.26,0.93,-1.77,1.11,1.86|0.18,0.18,0.42,-1.45,-1.83,1.99
0.47,-0.17,-0.00,-3.40,-0.36,-1.47|0.00,-0.27,0.93,-1.46,1.81,0.66|0.18,0.18,0.42,-1.21,-1.22,3.02
0.48,-0.17,0.00,-2.37,0.82,-2.23|0.00,-0.27,0.93,-1.55,2.43,0.08|0.18,0.17,0.42,-1.52,-1.21,2.99
0.47,-0.16,-0.00,-2.03,2.44,-3.24|0.00,-0.27,0.94,-2.65,1.92,1.52|0.18,0.17,0.42,-2.37,-1.74,0.94
0.47,-0.16,0.00,-3.19,1.40,-2.77|0.00,-0.27,0.93,-3.08,1.81,0.45|0.18,0.17,0.42,-3.65,-2.22,1.87
0.47,-0.17,0.00,-3.17,0.85,-2.32|0.00,-0.27,0.94,-3.11,2.14,-1.11|0.19,0.17,0.42,-5.15,-2.72,1.27
0.47,-0.16,0.00,-3.88,-0.16,-1.87|0.00,-0.27,0.93,-4.22,2.66,-1.24|0.19,0.17,0.42,-5.98,-3.50,1.41
0.48,-0.16,0.01,-4.12,0.94,-2.44|0.00,-0.27,0.93,-4.69,2.18,-1.35|0.18,0.17,0.42,-6.05,-3.34,1.14
0.47,-0.17,0.01,-4.02,1.67,-2.73|-0.00,-0.26,0.94,-4.77,2.11,-1.01|0.18,0.17,0.41,-5.27,-3.67,0.21
0.47,-0.16,0.01,-4.73,-0.40,-1.37|0.00,-0.27,0.93,-4.25,3.63,-2.83|0.18,0.18,0.42,-5.54,-3.66,0.93
0.48,-0.17,0.01,-4.37,0.56,-1.69|-0.00,-0.26,0.94,-4.37,4.09,-3.44|0.18,0.17,0.42,-5.16,-3.15,0.39
0.47,-0.16,0.01,-3.20,1.27,-2.41|0.00,-0.26,0.93,-4.85,3.34,0.19|0.18,0.18,0.42,-4.49,-2.88,1.44
0.48,-0.17,0.01,-2.95,0.85,-2.21|0.00,-0.27,0.93,-4.60,3.69,1.14|0.18,0.17,0.42,-4.05,-2.45,2.92
0.47,-0.16,0.01,-3.00,1.71,-2.20|0.01,-0.27,0.93,-3.66,4.02,-1.08|0.18,0.17,0.42,-3.89,-2.96,1.18
0.47,-0.16,0.02,-2.70,2.26,-1.87|0.01,-0.27,0.93,-2.63,2.93,0.19|0.18,0.17,0.42,-2.60,-2.69,1.87
0.48,-0.16,0.01,-3.06,1.41,-2.11|0.01,-0.27,0.94,-2.09,2.32,0.66|0.18,0.17,0.42,-3.24,-2.89,0.08
0.47,-0.16,0.02,-2.34,2.40,-1.98|0.00,-0.27,0.94,-1.98,1.68,0.08|0.18,0.17,0.42,-3.32,-1.79,1.02
0.48,-0.16,0.02,-3.54,-0.28,-1.34|0.01,-0.27,0.93,-2.23,0.98,0.00|0.18,0.17,0.42,-4.18,-1.52,3.18
0.47,-0.16,0.02,-3.61,-1.28,-1.14|0.00,-0.26,0.93,-2.56,0.10,2.11|0.18,0.17,0.42,-4.76,-1.98,0.45
0.47,-0.16,0.02,-4.21,-2.59,-0.63|0.00,-0.27,0.93,-2.75,0.16,1.67|0.18,0.17,0.42,-4.45,-1.44,3.24
0.47,-0.16,0.02,-4.86,-3.47,-0.46|0.00,-0.27,0.93,-2.44,0.58,0.63|0.18,0.17,0.42,-4.76,-1.96,1.95
0.47,-0.16,0.02,-4.83,-3.30,-0.84|-0.00,-0.27,0.93,-2.41,1.27,0.54|0.18,0.17,0.42,-3.63,-2.21,1.89
0.48,-0.16,0.01,-5.03,-4.18,-1.15|0.00,-0.26,0.93,-2.79,2.18,1.84|0.18,0.18,0.42,-3.49,-2.23,1.89
0.47,-0.16,0.02,-4.33,-3.05,-0.80|-0.00,-0.27,0.93,-2.40,3.02,2.63|0.18,0.17,0.42,-3.27,-2.37,0.92
0.48,-0.16,0.01,-4.98,-3.38,-0.90|0.00,-0.27,0.93,-2.80,3.66,1.48|0.18,0.17,0.41,-3.56,-1.77,2.27
0.47,-0.16,0.02,-4.21,-2.66,-0.97|0.01,-0.27,0.93,-2.68,3.80,2.08|0.18,0.17,0.42,-3.35,-1.54,1.13
0.48,-0.16,0.01,-4.59,-2.67,-0.85|0.00,-0.27,0.93,-2.98,3.42,3.69|0.18,0.18,0.42,-3.60,-1.77,2.20
0.47,-0.16,0.01,-4.43,-1.89,-1.30|0.00,-0.27,0.93,-2.69,3.46,1.74|0.18,0.17,0.42,-3.53,-1.72,0.21
0.47,-0.16,0.01,-4.81,-2.20,-0.90|0.01,-0.27,0.94,-1.85,2.22,1.95|0.18,0.17,0.42,-3.63,-1.57,1.60
0.47,-0.16,0.01,-5.49,-3.20,-1.06|0.01,-0.27,0.94,-1.76,1.33,2.05|0.18,0.17,0.42,-4.31,-2.11,-0.04
0.47,-0.16,0.01,-5.78,-3.48,-0.58|0.00,-0.27,0.93,-1.73,1.20,0.34|0.18,0.17,0.42,-4.28,-2.21,1.36
0.47,-0.16,0.01,-5.62,-3.35,-0.73|0.01,-0.26,0.94,-2.34,0.89,0.74|0.18,0.17,0.42,-4.79,-2.43,1.61
0.48,-0.16,0.01,-5.17,-3.12,-1.03|0.00,-0.26,0.94,-3.00,0.95,0.96|0.18,0.17,0.42,-4.71,-2.53,0.72
0.48,-0.16,0.00,-5.18,-2.84,-1.24|0.00,-0.27,0.93,-3.08,1.45,1.32|0.18,0.17,0.42,-4.45,-2.06,1.69
0.48,-0.16,0.01,-4.71,-3.08,-1.26|0.00,-0.26,0.93,-3.17,2.20,0.86|0.18,0.17,0.42,-4.40,-2.05,1.31
0.48,-0.16,0.00,-4.90,-2.82,-1.40|0.00,-0.26,0.93,-3.08,2.63,1.90|0.18,0.17,0.42,-3.86,-2.07,1.17
0.48,-0.16,0.00,-4.88,-3.15,-1.62|-0.00,-0.26,0.93,-2.89,2.91,2.15|0.18,0.18,0.42,-3.64,-2.08,2.02
0.48,-0.16,-0.00,-5.37,-3.94,-1.39|-0.00,-0.26,0.93,-2.42,3.69,1.47|0.18,0.17,0.42,-3.57,-2.49,1.35
0.47,-0.16,-0.00,-5.12,-3.61,-0.90|-0.00,-0.27,0.93,-2.15,3.86,1.17|0.18,0.17,0.43,-3.53,-3.12,0.56
0.48,-0.16,-0.00,-6.73,-4.65,-0.63|-0.00,-0.27,0.94,-3.02,3.84,0.48|0.19,0.17,0.43,-3.37,-3.19,2.61
0.47,-0.16,0.01,-5.48,-2.70,-1.15|-0.00,-0.27,0.93,-3.60,3.47,0.31|0.18,0.17,0.42,-3.31,-3.68,0.61
0.47,-0.16,0.00,-5.92,-2.35,-1.16|0.00,-0.27,0.94,-3.98,2.85,1.76|0.18,0.17,0.42,-3.42,-3.93,0.31
0.47,-0.16,0.00,-5.44,-2.37,-0.82|-0.00,-0.27,0.94,-3.82,3.11,-0.40|0.18,0.17,0.42,-4.09,-3.04,-0.13
0.47,-0.16,0.00,-4.60,-1.82,-1.18|0.00,-0.26,0.94,-3.67,2.78,-0.67|0.18,0.17,0.42,-5.10,-1.63,1.76
0.47,-0.17,0.00,-4.43,-1.55,-1.24|0.00,-0.26,0.93,-3.89,1.92,1.01|0.18,0.17,0.42,-5.17,-1.04,1.00
0.47,-0.16,0.00,-4.47,-1.99,-0.78|-0.00,-0.27,0.93,-3.34,1.41,1.74|0.18,0.17,0.42,-5.08,-1.08,0.60
0.47,-0.16,-0.00,-4.52,-2.60,-0.60|-0.00,-0.26,0.93,-2.82,1.63,0.36|0.18,0.18,0.42,-4.64,-1.16,2.04
0.47,-0.16,-0.00,-4.60,-1.68,-1.05|0.00,-0.26,0.94,-2.24,1.56,-0.02|0.18,0.17,0.43,-3.80,-1.66,1.43
0.48,-0.16,-0.00,-4.47,-1.72,-0.95|-0.00,-0.26,0.93,-1.79,1.24,1.28|0.18,0.17,0.42,-2.85,-2.03,1.57
0.47,-0.16,-0.00,-4.74,-1.31,-0.98|0.00,-0.27,0.93,-1.37,1.85,1.18|0.18,0.17,0.42,-3.06,-2.27,0.73
0.47,-0.16,-0.00,-4.84,-1.42,-1.09|-0.00,-0.27,0.94,-1.21,2.10,-0.52|0.18,0.17,0.42,-3.24,-1.56,1.63
0.47,-0.17,-0.00,-4.82,-1.53,-0.99|0.00,-0.26,0.94,-1.79,2.27,-0.13|0.18,0.17,0.42,-3.15,-1.40,0.90
0.47,-0.17,-0.00,-4.46,-0.77,-1.21|0.00,-0.27,0.93,-2.42,2.30,0.77|0.18,0.17,0.42,-4.29,-1.02,-0.51
0.47,-0.16,0.00,-4.62,-0.53,-1.43|-0.00,-0.27,0.93,-3.35,2.35,0.09|0.18,0.17,0.42,-5.06,-0.85,0.62
0.47,-0.16,-0.00,-4.02,-0.29,-1.52|0.00,-0.26,0.94,-3.45,3.32,-0.44|0.18,0.18,0.43,-5.50,-1.25,1.44
0.48,-0.16,0.00,-3.65,0.02,-2.42|-0.00,-0.27,0.93,-4.43,2.84,0.14|0.18,0.17,0.43,-4.88,-2.35,0.77
0.47,-0.16,0.00,-3.05,1.62,-3.15|-0.00,-0.27,0.93,-4.73,2.53,0.02|0.19,0.17,0.42,-4.21,-4.24,0.08
0.48,-0.16,-0.00,-3.63,1.12,-2.75|-0.00,-0.27,0.93,-4.16,2.79,-1.37|0.18,0.17,0.42,-3.41,-4.37,0.94
0.47,-0.16,0.01,-3.69,0.36,-2.45|-0.00,-0.26,0.93,-4.04,2.79,-2.02|0.18,0.18,0.42,-3.70,-5.00,2.04
0.47,-0.16,0.01,-3.40,0.43,-2.40|0.00,-0.26,0.93,-4.22,2.70,-0.02|0.18,0.17,0.42,-4.21,-4.57,1.73
0.47,-0.16,0.01,-3.56,0.05,-2.18|-0.00,-0.26,0.94,-4.17,3.01,0.89|0.18,0.18,0.42,-4.22,-3.44,3.02
0.47,-0.16,0.01,-2.53,1.43,-2.40|-0.00,-0.26,0.93,-3.69,2.78,0.48|0.18,0.17,0.42,-3.73,-2.54,2.42
0.48,-0.16,0.01,-2.85,0.21,-2.04|0.01,-0.27,0.93,-3.40,2.68,1.56|0.17,0.17,0.42,-3.44,-1.43,2.02
0.47,-0.16,0.01,-3.58,-0.41,-1.89|0.00,-0.27,0.94,-3.00,1.97,0.97|0.18,0.17,0.42,-3.39,-0.88,1.92
0.48,-0.16,0.01,-4.11,-0.73,-0.53|0.00,-0.28,0.94,-2.08,0.82,0.79|0.18,0.17,0.41,-3.25,-0.76,1.28
0.48,-0.16,0.01,-4.99,-0.08,1.47|0.00,-0.27,0.93,-2.15,0.60,-3.74|0.18,0.17,0.42,-2.78,-0.92,0.21
0.48,-0.16,0.01,-4.18,0.83,2.12|0.01,-0.27,0.94,-3.13,-0.56,-4.30|0.17,0.17,0.42,-2.59,-0.26,0.02
0.47,-0.17,0.01,-3.13,-0.05,2.02|0.01,-0.26,0.94,-5.85,-2.22,0.21|0.18,0.18,0.42,-3.52,0.62,-0.11
0.47,-0.17,0.02,-0.55,0.59,1.11|0.00,-0.27,0.93,-7.26,-1.77,0.00|0.18,0.18,0.42,-4.34,1.91,3.13
0.47,-0.17,0.01,1.27,0.54,1.40|0.00,-0.27,0.93,-7.18,-0.54,-0.28|0.18,0.18,0.43,-4.25,2.04,3.27
0.47,-0.17,0.02,0.56,1.05,1.27|0.01,-0.26,0.94,-8.15,-1.31,2.92|0.18,0.18,0.42,-3.47,1.92,3.24
0.47,-0.16,0.02,-0.76,-2.07,1.83|0.01,-0.27,0.93,-5.90,-1.22,3.72|0.17,0.17,0.42,-1.57,1.29,1.25
0.47,-0.17,0.02,-1.36,-1.27,1.47|0.01,-0.27,0.93,-4.39,-1.23,2.47|0.18,0.17,0.43,-1.90,1.01,1.86
0.47,-0.17,0.02,-2.02,-2.37,2.06|0.02,-0.27,0.93,-2.08,-0.95,1.39|0.16,0.17,0.42,-1.77,1.07,-0.52
0.47,-0.17,0.02,-1.92,-1.95,2.15|0.01,-0.27,0.94,-0.73,-2.46,5.08|0.17,0.17,0.43,-1.03,0.21,0.26
0.47,-0.18,0.02,-2.61,-2.20,1.61|0.02,-0.27,0.92,-0.56,-3.02,4.73|0.17,0.18,0.43,-3.27,1.78,-2.02
0.47,-0.18,0.02,-2.72,-2.96,0.15|0.02,-0.27,0.93,-0.51,-1.96,2.60|0.17,0.17,0.42,-3.49,0.89,1.12
0.47,-0.18,0.02,-1.66,-2.36,-1.00|0.02,-0.27,0.93,-1.53,-2.25,5.15|0.17,0.17,0.43,-3.84,-1.22,3.00
0.47,-0.18,0.03,-1.35,-1.86,-1.04|0.01,-0.27,0.93,-2.88,-0.40,5.73|0.16,0.17,0.41,-4.54,-2.51,-5.68
0.47,-0.17,0.02,-1.57,-1.43,-0.42|0.01,-0.27,0.93,-3.30,0.84,3.58|0.16,0.19,0.42,-5.25,-3.47,-1.28
0.47,-0.17,0.02,-2.58,-2.00,0.05|0.02,-0.27,0.93,-2.99,1.17,3.27|0.16,0.18,0.42,-5.50,-1.43,2.74
0.47,-0.17,0.02,-3.62,-1.71,-0.50|0.01,-0.28,0.93,-2.99,1.50,3.97|0.16,0.18,0.43,-5.28,-0.91,0.99
0.47,-0.17,0.02,-4.30,-1.17,-1.13|0.02,-0.27,0.93,-3.05,2.51,3.00|0.16,0.18,0.43,-4.39,-0.43,1.21
0.47,-0.18,0.02,-5.73,-1.67,-0.39|0.01,-0.28,0.93,-2.04,2.65,2.35|0.16,0.17,0.42,-3.69,0.29,-0.42
0.47,-0.17,0.02,-5.29,-0.59,-0.18|0.02,-0.28,0.93,-1.53,3.29,0.31|0.16,0.18,0.43,-2.78,-0.66,-2.48
0.47,-0.18,0.02,-6.66,-2.46,0.02|0.01,-0.27,0.92,-2.79,3.73,-0.44|0.16,0.18,0.43,-3.67,-0.73,-0.36
0.47,-0.18,0.02,-6.38,-2.34,-1.39|0.01,-0.27,0.93,-2.91,3.27,0.66|0.17,0.18,0.43,-4.64,-0.63,-0.27
0.47,-0.18,0.02,-5.91,-2.42,-2.34|0.01,-0.27,0.93,-4.40,3.34,2.44|0.16,0.18,0.43,-5.85,-1.65,3.36
0.47,-0.18,0.02,-5.63,-2.57,-2.11|0.01,-0.27,0.93,-4.37,4.68,1.51|0.17,0.17,0.42,-6.17,-3.55,2.85
0.47,-0.18,0.02,-5.16,-1.53,-1.58|0.01,-0.28,0.93,-3.56,4.05,1.96|0.16,0.18,0.42,-5.68,-4.65,-0.82
0.47,-0.17,0.02,-5.50,-0.88,-1.11|0.01,-0.27,0.93,-2.88,3.03,-0.91|0.16,0.18,0.42,-4.63,-4.60,-1.15
0.47,-0.17,0.02,-5.44,-0.83,-0.93|0.02,-0.27,0.93,-2.52,2.33,-1.06|0.16,0.18,0.43,-4.32,-3.38,-0.61
0.47,-0.18,0.02,-4.30,-0.57,-1.22|0.01,-0.27,0.93,-2.77,1.99,-0.76|0.16,0.18,0.42,-4.63,-2.37,1.34
0.47,-0.18,0.03,-3.11,-0.05,-1.40|0.01,-0.27,0.93,-3.30,2.07,0.35|0.16,0.18,0.43,-3.92,-1.56,2.36
0.47,-0.18,0.02,-2.87,0.25,-1.66|0.01,-0.27,0.93,-3.80,2.03,-0.46|0.16,0.18,0.42,-3.24,-2.04,1.16
0.47,-0.18,0.03,-2.69,0.75,-2.01|0.01,-0.27,0.93,-3.98,1.58,0.22|0.16,0.18,0.43,-2.64,-2.37,1.24
0.47,-0.18,0.03,-1.48,1.32,-2.40|0.01,-0.27,0.93,-4.22,1.93,-0.10|0.16,0.18,0.42,-3.26,-2.02,2.27
0.47,-0.17,0.03,-1.63,0.60,-2.23|0.01,-0.27,0.93,-4.30,1.29,1.11|0.17,0.18,0.43,-3.47,-2.62,2.79
0.47,-0.17,0.03,-1.75,0.31,-1.93|0.01,-0.28,0.93,-3.70,1.52,-0.10|0.16,0.18,0.43,-3.97,-3.34,2.16
0.47,-0.18,0.02,-1.87,0.39,-1.70|0.01,-0.28,0.93,-2.88,1.60,0.01|0.16,0.18,0.43,-3.76,-3.73,2.00
0.47,-0.18,0.03,-3.95,-2.31,-0.64|0.02,-0.27,0.93,-3.59,2.34,-0.51|0.17,0.18,0.42,-4.61,-3.92,3.60
0.47,-0.17,0.03,-3.83,-2.38,-0.98|0.01,-0.28,0.93,-3.02,1.82,-0.19|0.16,0.17,0.43,-4.16,-4.17,2.22
0.47,-0.18,0.03,-3.66,-1.34,-1.29|0.02,-0.27,0.93,-3.76,1.68,0.57|0.16,0.18,0.43,-3.73,-4.32,3.02
0.47,-0.18,0.03,-5.06,-3.05,-0.89|0.01,-0.28,0.93,-3.57,2.69,-0.44|0.17,0.18,0.43,-4.08,-4.22,2.30
0.47,-0.18,0.03,-5.35,-2.70,-0.92|0.02,-0.27,0.93,-3.49,2.91,-0.73|0.16,0.17,0.42,-3.99,-3.50,3.81
0.47,-0.18,0.02,-6.27,-3.53,-0.56|0.01,-0.27,0.93,-3.59,2.56,0.12|0.17,0.17,0.42,-3.76,-3.38,2.64
0.47,-0.18,0.02,-5.94,-3.27,-0.44|0.01,-0.27,0.93,-3.69,2.69,-0.79|0.17,0.17,0.42,-3.21,-3.06,1.37
0.47,-0.17,0.02,-6.56,-4.19,-0.14|0.01,-0.27,0.93,-3.85,2.35,0.70|0.16,0.18,0.42,-3.37,-3.05,1.53
0.47,-0.18,0.02,-4.97,-2.21,-1.05|0.01,-0.27,0.93,-4.02,3.01,0.11|0.17,0.17,0.42,-3.56,-3.02,1.13
0.47,-0.18,0.02,-5.75,-2.37,-1.01|0.02,-0.27,0.92,-3.89,3.15,2.18|0.16,0.18,0.42,-3.75,-2.66,1.98
0.47,-0.17,0.02,-5.47,-2.82,-0.97|0.01,-0.27,0.93,-2.95,2.92,3.11|0.17,0.17,0.42,-4.26,-2.60,1.56
0.47,-0.17,0.02,-5.21,-3.23,-0.91|0.02,-0.27,0.93,-2.18,2.60,2.72|0.17,0.18,0.43,-4.36,-2.06,1.65
0.47,-0.18,0.02,-4.10,-1.24,-1.26|0.01,-0.28,0.93,-0.60,2.20,1.47|0.17,0.17,0.42,-4.06,-1.44,0.36
0.47,-0.18,0.02,-4.53,-2.24,-0.41|0.02,-0.28,0.93,-0.80,0.98,2.14|0.17,0.18,0.42,-4.25,-1.43,0.47
0.47,-0.18,0.02,-5.10,-4.31,-0.11|0.02,-0.27,0.93,-1.93,0.76,2.84|0.17,0.18,0.43,-5.24,-0.73,2.23
0.47,-0.18,0.02,-4.42,-3.31,-0.69|0.01,-0.28,0.93,-2.36,0.38,1.50|0.17,0.17,0.43,-4.55,-0.97,1.65
0.47,-0.18,0.01,-4.23,-2.40,-0.76|0.02,-0.27,0.93,-3.34,-0.31,2.94|0.17,0.18,0.42,-4.00,-1.61,3.04
0.47,-0.18,0.01,-4.61,-2.53,-0.73|0.01,-0.28,0.93,-3.73,0.42,2.09|0.17,0.17,0.43,-3.70,-2.49,0.21
0.47,-0.17,0.02,-4.73,-2.69,-1.01|0.01,-0.28,0.93,-3.95,0.89,0.81|0.17,0.18,0.42,-2.85,-2.45,1.51
0.47,-0.18,0.02,-4.33,-1.50,-1.28|0.01,-0.27,0.93,-4.04,1.54,1.43|0.17,0.17,0.42,-3.33,-2.19,1.47
0.47,-0.18,0.01,-5.32,-2.88,-0.85|0.01,-0.27,0.93,-3.68,2.18,1.99|0.17,0.18,0.42,-3.38,-2.37,0.97
0.47,-0.18,0.01,-4.59,-1.95,-0.92|0.01,-0.27,0.93,-3.70,3.21,1.18|0.17,0.18,0.43,-3.55,-1.90,2.53
0.47,-0.18,0.02,-5.20,-2.19,-1.11|0.01,-0.27,0.93,-3.17,4.02,0.97|0.17,0.17,0.43,-3.53,-2.40,1.54
0.47,-0.18,0.01,-5.35,-2.21,-0.92|0.01,-0.28,0.93,-3.15,3.25,1.22|0.17,0.17,0.42,-3.39,-1.98,0.61
0.47,-0.18,0.01,-4.61,-1.76,-0.67|0.02,-0.27,0.93,-3.14,3.18,1.02|0.17,0.17,0.42,-4.44,-1.76,1.13
0.47,-0.18,0.01,-4.35,-1.63,-1.34|0.02,-0.27,0.93,-3.56,2.88,1.21|0.17,0.18,0.43,-4.35,-1.65,2.37
0.47,-0.18,0.02,-5.11,-3.33,-2.47|0.02,-0.27,0.93,-2.31,2.04,3.22|0.17,0.18,0.42,-5.20,-2.40,0.84
0.47,-0.18,0.02,-5.05,-2.76,-2.69|0.01,-0.28,0.94,-0.35,1.97,3.23|0.17,0.18,0.41,-7.61,-1.66,3.37
0.47,-0.17,0.00,-4.39,-1.95,-0.68|0.01,-0.27,0.93,0.18,3.05,-4.08|0.17,0.18,0.42,-7.09,-2.02,3.12
0.47,-0.18,0.01,-4.79,-1.27,-0.50|0.02,-0.27,0.94,-2.09,1.31,0.66|0.17,0.16,0.43,-2.70,-1.53,1.14
0.47,-0.18,0.01,-4.43,-0.15,-1.61|0.01,-0.27,0.93,-3.99,0.29,3.43|0.17,0.18,0.42,-1.11,-2.82,-3.30
0.47,-0.18,0.01,-4.03,-0.64,-1.85|0.01,-0.28,0.93,-4.48,2.14,0.91|0.17,0.18,0.43,-1.50,-2.31,2.22
0.47,-0.18,0.01,-4.46,-1.09,-1.38|0.01,-0.27,0.93,-3.94,3.06,-0.40|0.17,0.18,0.42,-2.94,-3.00,0.98
0.47,-0.18,0.02,-4.47,-1.30,-1.59|0.01,-0.27,0.93,-2.94,3.15,0.52|0.17,0.17,0.43,-3.42,-2.39,0.85
0.47,-0.18,0.01,-4.56,-0.96,-1.63|0.01,-0.28,0.93,-3.04,3.42,0.55|0.17,0.17,0.43,-4.30,-2.08,0.72
0.47,-0.18,0.02,-2.48,-0.03,-2.05|0.01,-0.27,0.93,-2.89,3.48,-0.21|0.17,0.18,0.43,-5.05,-1.34,2.93
0.47,-0.18,0.01,-2.02,0.27,-2.37|0.02,-0.27,0.93,-3.49,2.85,1.39|0.16,0.18,0.42,-5.93,-1.73,2.25
0.47,-0.18,0.01,-1.87,-0.21,-2.34|0.01,-0.27,0.93,-3.44,2.60,1.24|0.17,0.17,0.42,-5.44,-1.66,4.13
0.47,-0.18,0.02,-2.00,0.15,-2.20|0.01,-0.28,0.93,-2.75,2.15,0.37|0.17,0.17,0.42,-4.67,-2.09,1.69
0.47,-0.18,0.02,-3.96,-0.99,-1.18|0.01,-0.27,0.93,-2.40,1.01,-0.24|0.16,0.18,0.42,-3.78,-2.53,1.56
0.47,-0.17,0.02,-4.95,-2.06,-0.99|0.01,-0.27,0.93,-2.21,0.71,-0.63|0.17,0.17,0.43,-2.96,-2.92,1.91
0.47,-0.18,0.02,-4.89,-1.90,-1.29|0.01,-0.27,0.93,-1.37,0.89,-1.29|0.17,0.18,0.42,-3.55,-2.47,0.09
0.47,-0.18,0.02,-3.37,-1.34,-0.51|0.01,-0.28,0.93,-1.59,1.61,-3.18|0.16,0.17,0.43,-4.46,-2.57,2.43
0.47,-0.18,0.02,-2.69,-1.07,-0.10|0.01,-0.27,0.93,-4.41,1.82,0.09|0.17,0.17,0.42,-4.48,-2.43,3.11
0.47,-0.17,0.02,-2.22,-1.63,-0.11|0.01,-0.27,0.93,-5.81,1.34,1.34|0.17,0.17,0.43,-3.92,-2.37,1.56
0.47,-0.17,0.02,-3.37,-1.41,-0.29|0.01,-0.28,0.93,-6.35,1.73,1.12|0.16,0.18,0.43,-3.06,-2.34,4.39
0.47,-0.18,0.02,-4.43,-1.32,-0.34|0.01,-0.28,0.92,-4.82,2.05,-1.26|0.17,0.16,0.42,-2.45,-3.34,1.69
0.46,-0.17,0.02,-5.59,-0.71,-0.06|0.02,-0.27,0.93,-3.40,2.56,-2.55|0.16,0.17,0.43,-1.78,-4.29,-0.78
0.47,-0.18,0.02,-5.60,0.47,-0.79|0.02,-0.27,0.93,-2.81,2.44,-2.76|0.17,0.17,0.43,-2.80,-3.90,-0.33
0.47,-0.18,0.02,-5.85,-1.72,-0.37|0.02,-0.27,0.93,-3.02,1.50,-0.30|0.16,0.18,0.42,-4.14,-2.66,-1.34
0.47,-0.18,0.02,-5.74,-2.45,0.08|0.02,-0.27,0.93,-2.79,1.95,0.91|0.17,0.18,0.42,-5.60,-1.21,3.15
0.47,-0.18,0.02,-4.75,-2.31,-0.12|0.01,-0.27,0.92,-2.94,2.63,0.47|0.17,0.17,0.43,-5.92,-1.00,1.26
0.47,-0.18,0.02,-4.27,-2.09,-0.68|0.02,-0.27,0.93,-2.65,2.15,2.28|0.16,0.18,0.42,-5.24,-1.03,1.11
0.47,-0.18,0.02,-4.24,-2.07,-0.91|0.02,-0.27,0.92,-2.18,1.59,3.70|0.17,0.18,0.43,-5.29,-1.29,0.81
0.47,-0.18,0.02,-4.73,-1.89,-1.31|0.02,-0.28,0.92,-2.21,2.49,0.50|0.17,0.18,0.42,-4.25,-1.55,0.79
0.46,-0.18,0.02,-4.64,-1.15,-1.76|0.02,-0.27,0.93,-2.13,1.11,1.91|0.17,0.18,0.42,-3.37,-1.52,1.65
0.46,-0.18,0.02,-4.17,-3.03,-1.63|0.02,-0.27,0.93,-2.66,1.73,3.31|0.16,0.17,0.43,-3.82,-2.50,0.69
0.47,-0.18,0.01,-5.16,-5.13,-1.32|0.01,-0.27,0.93,-3.40,2.07,4.77|0.16,0.18,0.43,-3.61,-1.92,2.68
0.47,-0.17,0.01,-4.60,-2.67,-2.85|0.01,-0.28,0.92,-2.40,1.82,3.72|0.17,0.17,0.43,-3.31,-2.83,1.89
0.47,-0.18,0.01,-5.46,-2.89,-2.82|0.01,-0.27,0.93,-1.38,3.11,1.93|0.17,0.17,0.43,-2.47,-3.91,0.75
0.47,-0.18,0.02,-6.00,-2.44,-2.27|0.01,-0.28,0.94,-1.28,4.46,0.81|0.17,0.17,0.43,-3.25,-4.98,-0.40
0.47,-0.17,0.01,-5.60,-1.36,-1.60|0.01,-0.27,0.93,-1.48,3.98,1.35|0.17,0.17,0.42,-3.56,-4.81,-0.83
0.47,-0.18,0.01,-6.47,-2.08,-1.49|0.01,-0.28,0.93,-2.53,3.53,0.72|0.17,0.17,0.43,-3.91,-4.01,-0.17
0.47,-0.18,0.02,-5.81,-1.33,-1.62|0.01,-0.27,0.93,-3.24,3.56,-0.11|0.16,0.17,0.42,-4.11,-3.27,-0.29
0.47,-0.18,0.02,-6.21,-1.82,-1.07|0.02,-0.28,0.93,-3.86,3.65,0.68|0.17,0.17,0.42,-5.18,-2.65,-0.50
0.47,-0.18,0.01,-6.50,-1.75,-1.22|0.01,-0.27,0.93,-3.89,3.98,-0.73|0.17,0.17,0.43,-5.69,-2.40,-0.94
0.47,-0.18,0.01,-5.91,-1.37,-1.82|0.01,-0.27,0.92,-3.78,3.97,-0.82|0.17,0.18,0.43,-5.05,-1.77,0.81
0.47,-0.18,0.01,-6.25,-1.53,-1.92|0.01,-0.27,0.93,-3.74,4.08,-0.20|0.17,0.17,0.43,-4.53,-1.78,-1.21
0.47,-0.18,0.01,-5.28,-0.99,-2.41|0.01,-0.27,0.93,-3.00,4.35,-0.11|0.17,0.18,0.43,-4.39,-1.79,-0.92
0.47,-0.18,0.02,-4.90,0.57,-2.36|0.01,-0.27,0.93,-2.42,4.57,-0.75|0.17,0.18,0.42,-3.92,-1.49,1.19
0.47,-0.18,0.01,-3.47,2.20,-3.15|0.01,-0.27,0.93,-2.10,4.51,0.88|0.17,0.18,0.43,-3.76,-2.32,0.54
0.47,-0.18,0.01,-3.38,0.34,-3.13|0.01,-0.27,0.93,-2.90,4.22,1.24|0.17,0.18,0.43,-4.23,-2.23,3.19
0.47,-0.17,0.02,-1.85,1.19,-4.66|0.01,-0.27,0.93,-2.76,4.04,0.46|0.17,0.17,0.43,-3.97,-2.53,4.68
0.47,-0.17,0.01,-1.29,1.94,-4.98|0.01,-0.27,0.93,-3.33,3.22,0.70|0.17,0.18,0.43,-3.06,-3.50,5.99
0.47,-0.17,0.02,-1.55,1.72,-4.24|0.01,-0.27,0.93,-3.11,3.20,1.69|0.17,0.17,0.42,-1.89,-4.87,4.24
0.47,-0.17,0.02,-3.66,-0.30,-3.24|0.00,-0.28,0.93,-2.49,2.16,0.35|0.17,0.17,0.42,-1.81,-5.59,2.66
0.47,-0.17,0.02,-4.92,-0.28,-2.02|0.01,-0.28,0.93,-1.03,1.85,-1.98|0.17,0.17,0.43,-2.72,-5.10,2.07
0.47,-0.17,0.02,-5.69,-0.15,-1.47|0.01,-0.28,0.94,-1.13,1.97,-3.31|0.17,0.17,0.42,-3.15,-4.79,1.88
0.47,-0.17,0.02,-6.31,-0.44,-0.44|0.01,-0.27,0.93,-1.56,2.28,-3.40|0.17,0.17,0.43,-3.75,-4.16,1.20
0.48,-0.17,0.02,-6.03,-0.09,-0.45|0.00,-0.28,0.93,-2.41,2.83,-3.73|0.17,0.17,0.43,-5.28,-3.63,0.12
0.47,-0.17,0.02,-5.50,0.28,-0.84|0.01,-0.27,0.93,-4.28,4.02,-4.50|0.17,0.17,0.42,-5.50,-3.24,-0.02
0.48,-0.17,0.02,-5.91,-0.81,-0.45|0.01,-0.27,0.93,-5.80,4.02,-3.11|0.18,0.17,0.43,-5.24,-2.15,0.97
0.47,-0.17,0.02,-5.56,-0.45,-0.71|0.01,-0.27,0.93,-6.98,3.55,-1.19|0.17,0.17,0.42,-4.89,-2.33,-1.00
0.47,-0.17,0.02,-6.66,-2.12,-0.30|0.01,-0.27,0.92,-7.26,3.45,0.21|0.18,0.17,0.42,-4.20,-2.27,0.25
0.47,-0.17,0.02,-6.68,-2.90,-0.55|0.01,-0.27,0.93,-6.30,4.09,0.04|0.17,0.18,0.42,-4.82,-3.15,-0.13
0.47,-0.17,0.02,-6.79,-4.15,0.32|0.01,-0.27,0.92,-3.49,4.53,-1.59|0.18,0.18,0.42,-4.72,-3.92,-0.50
0.47,-0.17,0.02,-7.18,-3.56,0.69|0.01,-0.27,0.93,-2.67,4.45,-0.85|0.18,0.17,0.42,-3.69,-4.27,0.04
0.47,-0.17,0.02,-7.31,-3.93,0.48|0.01,-0.27,0.93,-1.51,3.59,-0.48|0.17,0.18,0.42,-3.10,-3.96,-1.91
0.47,-0.18,0.01,-6.85,-3.89,0.21|0.02,-0.27,0.93,-1.61,2.50,1.66|0.17,0.18,0.41,-3.96,-3.31,1.73
0.48,-0.18,0.02,-6.90,-4.69,0.65|0.01,-0.28,0.93,-1.21,2.91,-0.92|0.17,0.18,0.42,-4.11,-2.24,1.66
0.47,-0.17,0.02,-6.11,-3.32,0.09|0.02,-0.27,0.93,-1.37,1.51,0.95|0.17,0.18,0.42,-4.34,-0.82,3.84
0.47,-0.17,0.01,-5.26,-3.56,-0.35|0.01,-0.27,0.93,-2.32,-0.18,2.08|0.17,0.18,0.42,-3.71,-0.25,1.90
0.47,-0.17,0.01,-4.60,-2.84,-0.49|0.01,-0.27,0.93,-2.90,-0.92,1.40|0.17,0.17,0.43,-3.22,0.54,3.47
0.47,-0.18,0.01,-3.80,-2.31,-0.76|0.01,-0.27,0.93,-3.64,-0.77,2.69|0.17,0.17,0.42,-2.50,0.28,1.69
0.47,-0.17,0.01,-3.81,-2.63,-0.63|0.01,-0.27,0.92,-3.50,-0.30,3.44|0.17,0.18,0.42,-3.02,0.34,2.56
0.47,-0.17,0.01,-3.40,-2.34,-1.27|0.01,-0.27,0.92,-3.24,0.52,2.49|0.17,0.17,0.42,-2.88,0.08,4.51
0.47,-0.17,0.01,-4.16,-3.33,-0.94|0.01,-0.27,0.93,-2.01,1.40,2.11|0.18,0.17,0.43,-1.95,-0.38,3.20
0.47,-0.17,0.01,-3.91,-2.65,-1.14|0.00,-0.27,0.92,-1.54,2.06,1.52|0.17,0.17,0.42,-2.30,-1.53,0.92
0.47,-0.17,0.01,-4.15,-1.11,-1.56|0.01,-0.27,0.93,-1.34,3.38,0.82|0.17,0.18,0.42,-3.13,-2.14,3.13
0.47,-0.18,0.01,-4.27,-0.76,-2.11|0.01,-0.27,0.93,-1.70,3.62,2.85|0.17,0.17,0.43,-3.80,-2.95,1.85
0.46,-0.17,0.01,-4.45,-0.71,-1.98|0.01,-0.28,0.92,-1.73,4.34,1.61|0.17,0.17,0.43,-3.92,-3.33,-0.44
0.47,-0.17,0.01,-4.98,-0.96,-2.11|0.01,-0.28,0.93,-2.69,4.29,0.61|0.17,0.17,0.42,-3.89,-3.09,1.40
0.47,-0.17,0.01,-3.97,0.25,-2.66|0.01,-0.28,0.93,-4.11,3.44,0.29|0.17,0.17,0.42,-4.66,-2.89,0.25
0.47,-0.18,0.01,-4.43,-1.11,-2.03|0.01,-0.27,0.93,-4.98,2.95,2.58|0.17,0.17,0.42,-4.86,-2.56,-0.14
0.47,-0.17,0.01,-4.46,-1.64,-1.90|0.01,-0.28,0.93,-5.15,2.60,0.92|0.17,0.18,0.42,-5.76,-1.89,0.50
0.47,-0.17,0.01,-4.17,-1.67,-1.89|0.01,-0.27,0.93,-4.05,2.77,-0.44|0.17,0.18,0.42,-5.48,-1.61,2.21
0.47,-0.17,0.01,-4.45,-1.49,-2.02|0.01,-0.27,0.93,-3.71,2.04,0.70|0.17,0.17,0.42,-4.36,-1.99,1.35
0.47,-0.17,0.01,-4.44,-0.30,-2.09|0.00,-0.27,0.93,-2.92,1.99,1.44|0.18,0.17,0.42,-3.51,-2.57,-0.69
0.47,-0.17,0.01,-5.02,-0.79,-2.14|0.01,-0.27,0.93,-1.73,2.32,1.23|0.17,0.18,0.42,-3.65,-2.75,0.93
0.47,-0.17,0.01,-5.71,-1.16,-2.08|0.00,-0.27,0.92,-0.46,3.37,-0.46|0.17,0.18,0.42,-3.91,-2.91,1.38
0.47,-0.17,0.01,-5.60,-1.09,-2.38|0.01,-0.27,0.93,-0.13,-33.21,-173.93|0.17,0.17,0.42,-4.05,-2.93,0.73
0.47,-0.17,0.01,-5.14,-1.33,-2.28|0.01,-0.27,0.93,-1.16,3.61,0.06|0.17,0.17,0.42,-4.31,-2.76,0.68
0.47,-0.17,0.01,-5.03,-2.39,-1.95|0.01,-0.28,0.93,-2.31,3.49,2.01|0.17,0.17,0.43,-5.09,-2.26,0.48
0.47,-0.17,0.01,-4.68,-2.60,-1.95|0.00,-0.27,0.93,-2.89,3.21,0.01|0.17,0.18,0.42,-5.44,-1.43,2.55
0.47,-0.17,0.01,-4.21,-2.01,-2.05|0.01,-0.27,0.93,-4.11,2.80,0.42|0.17,0.17,0.42,-4.44,-1.15,2.50
0.47,-0.17,0.00,-4.43,-2.69,-1.66|0.00,-0.27,0.93,-4.37,2.60,1.03|0.18,0.18,0.43,-4.88,-1.92,1.40
0.47,-0.17,0.00,-4.85,-3.31,-1.58|0.00,-0.27,0.93,-4.18,2.43,1.50|0.18,0.17,0.42,-3.95,-1.98,3.42
0.47,-0.17,0.01,-4.52,-1.97,-1.73|0.00,-0.27,0.93,-3.31,2.70,0.58|0.17,0.17,0.42,-3.34,-2.92,3.56
0.47,-0.17,0.00,-5.27,-1.19,-1.43|0.00,-0.27,0.93,-1.73,3.00,0.01|0.17,0.17,0.42,-3.10,-3.53,0.75
0.48,-0.17,0.01,-5.59,-0.83,-1.23|0.00,-0.27,0.93,-0.84,2.98,-0.66|0.17,0.17,0.42,-2.77,-3.92,-1.47
0.47,-0.17,0.01,-5.42,-0.74,-1.46|0.01,-0.27,0.93,-0.63,2.56,-1.07|0.17,0.18,0.42,-3.63,-2.86,-0.12
0.47,-0.17,0.01,-4.67,-1.34,-1.10|0.01,-0.27,0.93,-1.63,2.40,0.31|0.17,0.17,0.42,-5.04,-1.76,0.23
0.47,-0.17,0.01,-3.61,-1.72,-0.98|0.01,-0.27,0.93,-3.52,2.05,1.79|0.17,0.18,0.42,-6.39,-1.03,1.06
0.47,-0.17,0.01,-3.64,-2.41,-1.32|0.01,-0.27,0.93,-4.22,1.58,2.72|0.17,0.17,0.43,-6.38,-0.71,2.49
0.47,-0.17,0.01,-3.76,-2.66,-1.56|0.00,-0.27,0.93,-4.19,1.74,0.46|0.17,0.18,0.42,-4.60,-1.02,2.65
0.47,-0.17,0.00,-4.31,-2.53,-1.34|0.00,-0.27,0.93,-3.54,1.95,0.81|0.18,0.17,0.42,-3.56,-1.95,1.90
0.47,-0.17,0.01,-4.69,-2.41,-1.02|0.00,-0.27,0.93,-2.56,2.00,0.82|0.17,0.18,0.42,-2.64,-2.93,1.60
0.47,-0.17,0.00,-5.50,-2.27,-1.11|0.00,-0.27,0.94,-1.58,2.67,0.46|0.17,0.17,0.43,-2.42,-2.71,2.44
0.47,-0.17,0.01,-5.54,-1.48,-1.38|0.00,-0.27,0.93,-1.05,3.15,-0.15|0.17,0.17,0.42,-2.49,-3.12,1.31
0.47,-0.17,0.01,-6.15,-1.21,-1.63|0.01,-0.27,0.93,-1.21,2.85,0.24|0.17,0.17,0.42,-2.47,-3.09,-0.51
0.47,-0.17,0.00,-5.51,-1.72,-1.16|0.01,-0.27,0.93,-1.69,3.27,-0.40|0.17,0.18,0.43,-4.20,-2.83,0.12
0.47,-0.17,0.01,-5.14,-2.24,-1.24|0.01,-0.27,0.93,-3.48,3.53,-0.44|0.17,0.17,0.42,-5.68,-2.21,1.26
0.47,-0.17,0.00,-4.44,-1.78,-1.64|0.01,-0.27,0.94,-4.92,2.46,1.15|0.18,0.17,0.42,-6.01,-1.66,1.95
0.47,-0.17,0.00,-4.18,-1.82,-1.37|0.00,-0.27,0.93,-5.30,2.10,2.29|0.17,0.17,0.43,-5.54,-2.18,0.92
0.47,-0.17,0.00,-4.29,-2.16,-1.51|0.00,-0.27,0.93,-4.92,2.66,0.26|0.18,0.18,0.42,-5.18,-2.88,1.06
0.47,-0.17,0.00,-4.28,-2.27,-1.87|0.00,-0.26,0.93,-3.58,2.31,0.15|0.17,0.17,0.43,-4.41,-2.67,1.93
0.47,-0.17,0.00,-4.66,-2.06,-1.47|0.01,-0.26,0.93,-2.67,2.16,1.40|0.17,0.18,0.42,-3.88,-2.73,1.98
0.47,-0.17,0.00,-4.19,-1.64,-0.96|0.00,-0.27,0.94,-1.98,2.02,1.08|0.17,0.17,0.42,-2.97,-2.10,2.15
0.47,-0.17,0.00,-4.88,-1.73,-0.53|0.00,-0.27,0.94,-1.06,1.66,0.40|0.17,0.17,0.42,-2.28,-1.65,1.88
0.47,-0.17,0.00,-5.63,-0.93,-0.08|0.00,-0.27,0.94,-0.52,1.18,-0.88|0.17,0.17,0.42,-1.68,-0.82,0.21
0.47,-0.18,0.00,-5.38,-0.34,0.18|0.00,-0.27,0.93,-1.56,1.24,-1.15|0.17,0.17,0.43,-1.69,-0.28,0.17
0.47,-0.18,0.01,-3.79,-0.54,0.16|0.00,-0.27,0.94,-3.26,1.21,0.43|0.17,0.18,0.42,-3.40,0.51,1.22
0.47,-0.18,0.01,-0.40,1.16,-1.10|0.00,-0.27,0.93,-5.73,1.76,0.55|0.17,0.18,0.43,-5.44,0.81,3.23
0.48,-0.17,0.01,0.89,0.98,-2.29|0.01,-0.26,0.94,-7.39,1.21,2.53|0.18,0.17,0.44,-5.51,0.10,4.52
0.47,-0.17,0.01,1.11,1.86,-2.67|0.01,-0.27,0.93,-7.66,-0.08,4.34|0.18,0.17,0.43,-4.31,-1.69,2.98
0.47,-0.17,0.00,0.55,0.90,-2.15|0.01,-0.27,0.93,-6.79,0.51,1.95|0.18,0.18,0.42,-3.93,-3.00,3.65
0.47,-0.17,0.02,-0.69,-0.54,-2.12|0.01,-0.27,0.93,-4.94,0.57,1.44|0.17,0.18,0.43,-3.23,-3.37,6.56
0.47,-0.17,0.02,-1.11,0.02,-2.39|0.01,-0.28,0.94,-2.35,0.21,0.15|0.17,0.17,0.42,-1.79,-3.29,5.03
0.47,-0.17,0.01,-1.78,-0.24,-1.25|0.01,-0.26,0.93,-1.38,-0.40,0.91|0.17,0.18,0.42,-2.18,-3.33,1.92
0.47,-0.17,0.02,-2.65,-1.03,-1.14|0.01,-0.27,0.93,-0.11,-0.05,1.14|0.17,0.17,0.42,-2.05,-2.34,1.82
0.47,-0.18,0.02,-2.82,-1.16,-0.43|0.01,-0.28,0.94,-0.24,0.11,-2.04|0.17,0.17,0.43,-1.82,-1.21,2.90
0.47,-0.17,0.02,-2.14,-0.52,-0.08|0.02,-0.28,0.93,-1.76,0.66,0.76|0.16,0.17,0.42,-3.57,-0.15,1.51
0.47,-0.18,0.01,-1.67,-1.69,0.89|0.02,-0.27,0.93,-4.08,1.47,1.18|0.17,0.17,0.42,-5.32,0.47,2.98
0.47,-0.17,0.02,-0.79,-2.08,0.78|0.02,-0.28,0.94,-5.66,0.18,4.07|0.17,0.17,0.43,-6.59,1.02,5.15
0.47,-0.17,0.02,-1.42,-0.93,1.28|0.02,-0.28,0.93,-6.21,-0.66,0.99|0.17,0.17,0.43,-5.11,1.38,2.27
0.47,-0.17,0.01,-2.72,-1.73,0.69|0.01,-0.27,0.93,-5.76,-1.85,-1.07|0.17,0.17,0.43,-4.03,1.07,3.62
0.46,-0.17,0.02,-4.55,-2.50,0.31|0.01,-0.27,0.93,-5.05,-2.18,-1.02|0.17,0.17,0.43,-3.26,-1.08,1.40
0.47,-0.17,0.01,-0.01,-0.01,-0.01|0.01,-0.27,0.92,-4.05,-0.32,-1.31|0.17,0.17,0.42,-2.66,-2.67,1.80
0.47,-0.18,0.02,-6.28,-3.44,-0.66|0.01,-0.26,0.93,-3.30,1.40,-0.72|0.17,0.17,0.43,-3.01,-4.30,-0.39
0.47,-0.18,0.01,-5.89,-3.47,-1.19|0.01,-0.27,0.92,-1.47,2.79,1.73|0.17,0.17,0.43,-2.91,-4.21,0.53
0.46,-0.18,0.01,-5.44,-3.41,-1.42|0.01,-0.27,0.92,-0.53,5.47,1.53|0.17,0.17,0.42,-3.54,-4.20,0.31
0.47,-0.18,0.02,-6.55,-4.31,-1.29|0.02,-0.27,0.92,-1.11,6.34,2.45|0.17,0.17,0.42,-4.59,-3.68,0.99
0.47,-0.18,0.02,-6.44,-4.20,-1.50|0.01,-0.27,0.93,-1.21,6.16,2.91|0.17,0.17,0.43,-4.75,-3.40,1.06
0.47,-0.18,0.01,-6.38,-3.04,-1.70|0.02,-0.28,0.94,-2.15,5.47,4.18|0.17,0.17,0.43,-4.73,-3.34,0.18
0.47,-0.18,0.00,-7.79,-3.64,-0.61|0.02,-0.28,0.93,-3.02,4.95,2.03|0.17,0.17,0.43,-4.89,-3.48,-1.15
0.47,-0.18,0.01,-6.54,-3.71,-0.96|0.02,-0.28,0.93,-3.47,3.15,1.15|0.17,0.17,0.42,-5.31,-2.84,1.37
0.47,-0.18,0.01,-5.63,-2.21,-1.41|0.02,-0.27,0.93,-4.95,1.36,-0.23|0.17,0.17,0.43,-5.22,-2.99,0.36
0.47,-0.18,0.01,-5.26,-1.54,-1.33|0.02,-0.28,0.93,-5.47,-0.25,1.40|0.17,0.17,0.43,-4.36,-2.82,-1.21
0.47,-0.17,0.01,-4.75,-1.98,-1.27|0.01,-0.27,0.93,-5.44,-0.25,0.68|0.17,0.18,0.42,-3.89,-2.37,1.03
0.47,-0.18,0.01,-4.18,-1.21,-1.73|0.01,-0.27,0.92,-4.69,0.19,0.56|0.17,0.18,0.43,-4.02,-2.00,2.14
0.47,-0.18,0.01,-3.95,-1.18,-1.69|0.01,-0.27,0.93,-3.22,1.04,1.41|0.17,0.17,0.42,-2.76,-2.44,1.56
0.47,-0.17,0.01,-3.65,-0.60,-1.60|0.01,-0.27,0.93,-1.69,2.45,1.01|0.17,0.18,0.43,-2.37,-1.97,1.38
0.47,-0.17,0.01,-2.31,1.86,-2.86|0.01,-0.27,0.92,-0.28,4.02,0.34|0.17,0.17,0.43,-2.67,-2.35,1.72
0.47,-0.17,0.01,-3.36,1.50,-3.45|0.01,-0.27,0.92,0.30,4.35,0.79|0.17,0.17,0.43,-2.76,-3.08,1.59
0.47,-0.18,0.01,-3.08,1.47,-3.82|0.01,-0.28,0.93,-0.11,4.88,0.48|0.17,0.17,0.42,-3.24,-3.78,0.64
0.47,-0.18,0.02,-2.69,1.09,-2.78|0.01,-0.28,0.93,-0.80,5.29,-0.04|0.17,0.17,0.43,-4.74,-4.51,0.47
0.48,-0.17,0.02,-3.47,0.98,-2.76|0.01,-0.28,0.93,-2.79,5.07,-0.19|0.17,0.17,0.42,-5.26,-4.92,2.47
0.47,-0.17,0.02,-3.56,1.63,-2.88|0.01,-0.27,0.93,-4.40,4.15,-0.78|0.17,0.17,0.42,-3.81,-5.91,0.41
0.47,-0.17,0.01,-6.28,-0.30,-1.24|0.01,-0.28,0.93,-5.40,2.60,-0.50|0.17,0.17,0.42,-3.49,-5.37,-2.19
0.45,-0.17,-0.03,-11.39,-9.85,2.78|0.01,-0.27,0.92,-6.31,1.38,-1.25|0.17,0.18,0.42,-3.14,-3.99,-3.04
0.46,-0.16,0.05,-13.35,-8.51,1.42|-0.00,-0.28,0.92,-3.10,1.15,-4.80|0.16,0.18,0.42,-3.87,-0.61,2.11
0.48,-0.18,-0.00,-7.62,0.21,-1.58|0.00,-0.26,0.93,-1.39,3.08,-10.31|0.16,0.17,0.42,-5.28,1.11,4.08
0.50,-0.19,0.01,-7.92,-4.21,0.10|0.01,-0.24,0.95,-0.22,4.50,-0.16|0.17,0.18,0.44,-5.38,4.05,3.25
0.47,-0.17,0.01,-4.92,-1.43,0.21|0.01,-0.26,0.92,-2.61,4.31,12.85|0.17,0.16,0.43,-4.19,2.67,-3.27
0.45,-0.17,-0.01,-6.04,-5.24,-1.29|0.01,-0.28,0.91,-4.03,7.38,8.75|0.18,0.18,0.41,-2.48,2.16,-2.20
0.48,-0.18,0.01,-5.82,-5.23,0.18|-0.00,-0.29,0.94,-0.85,8.55,-2.32|0.18,0.18,0.43,-4.86,1.26,4.04
0.48,-0.18,0.00,-3.81,-1.81,-0.79|0.01,-0.27,0.94,-0.88,5.70,1.53|0.17,0.17,0.43,-5.40,-0.82,4.49
0.47,-0.17,0.01,-2.49,0.64,-3.16|0.02,-0.27,0.93,-3.49,5.31,4.34|0.18,0.17,0.43,-1.74,-3.69,-0.54
0.46,-0.17,0.00,-2.68,1.83,-3.67|0.01,-0.28,0.93,-4.29,2.20,6.57|0.17,0.17,0.42,-1.92,-6.63,-1.95
0.46,-0.17,-0.01,-3.40,-0.50,-2.34|0.01,-0.29,0.93,-3.48,-0.56,2.82|0.17,0.18,0.42,-2.21,-6.85,-1.88
0.47,-0.17,0.01,-3.84,-1.82,-2.30|0.01,-0.27,0.94,-2.60,-0.44,-2.72|0.16,0.18,0.42,-2.85,-4.88,4.57
0.47,-0.17,0.01,-3.65,-0.41,-2.51|0.01,-0.26,0.94,-2.56,-1.06,-2.27|0.16,0.16,0.42,-3.46,-4.21,3.26
0.47,-0.17,0.01,-4.21,-1.18,-1.73|0.00,-0.27,0.94,-2.81,-2.35,3.39|0.16,0.18,0.42,-3.47,-4.11,-1.11
0.46,-0.17,0.00,-4.31,-2.19,-0.80|-0.00,-0.27,0.93,-1.56,-0.76,1.94|0.16,0.18,0.43,-4.42,-1.24,1.40
0.47,-0.17,0.00,-3.66,-2.03,-1.31|-0.00,-0.27,0.93,-0.82,1.79,-3.41|0.16,0.18,0.42,-5.09,0.96,4.20
0.47,-0.17,0.01,-3.72,-1.75,-0.67|0.00,-0.26,0.93,-1.30,1.66,0.10|0.17,0.17,0.43,-4.79,1.53,2.98
0.47,-0.17,0.01,-3.92,-1.79,-0.40|0.00,-0.27,0.93,-1.81,2.31,2.97|0.17,0.17,0.43,-4.48,0.95,-1.00
0.47,-0.17,0.01,-3.68,-0.64,-1.44|0.01,-0.28,0.93,-0.98,4.83,-1.24|0.18,0.18,0.43,-3.69,-0.19,2.49
0.48,-0.17,0.01,-3.26,1.06,-2.52|0.01,-0.27,0.93,-1.30,5.75,-4.06|0.17,0.17,0.43,-3.92,-2.37,1.31
0.47,-0.17,0.00,-4.62,0.71,-1.80|0.01,-0.27,0.93,-2.24,4.95,-1.46|0.17,0.17,0.42,-3.68,-4.61,-0.77
0.47,-0.18,0.00,-5.26,1.18,-1.70|0.01,-0.27,0.93,-3.70,4.12,-1.43|0.17,0.18,0.43,-4.18,-5.99,-0.50
0.47,-0.18,0.02,-5.08,0.41,-1.84|0.01,-0.27,0.93,-5.01,3.51,-3.05|0.17,0.18,0.43,-4.92,-6.43,1.15
0.47,-0.18,0.01,-3.04,3.12,-3.24|0.01,-0.26,0.94,-6.27,2.91,-3.06|0.17,0.17,0.43,-4.83,-5.69,3.40
0.46,-0.17,0.01,-2.16,2.76,-3.70|0.01,-0.26,0.94,-7.41,1.46,0.56|0.17,0.17,0.42,-4.66,-5.73,2.00
0.48,-0.17,0.01,-2.77,0.48,-2.56|0.01,-0.27,0.93,-6.03,1.42,0.75|0.17,0.18,0.43,-5.24,-5.39,1.23
0.47,-0.17,0.01,-2.95,1.40,-2.82|0.00,-0.27,0.93,-4.84,2.34,-2.71|0.17,0.18,0.42,-4.36,-3.49,2.31
0.47,-0.17,0.02,-2.39,0.61,-2.52|0.01,-0.26,0.93,-3.79,2.16,-0.77|0.17,0.18,0.43,-3.73,-3.11,3.34
0.47,-0.17,0.02,-2.85,-0.25,-2.50|0.01,-0.27,0.93,-2.58,1.55,2.66|0.17,0.17,0.42,-4.74,-2.51,2.53
0.47,-0.17,0.02,-4.62,-1.69,-1.67|0.00,-0.27,0.92,-1.58,2.05,0.76|0.17,0.17,0.42,-3.65,-2.21,1.75
0.47,-0.17,0.02,-4.50,-1.33,-1.64|0.01,-0.26,0.93,0.15,2.01,0.89|0.18,0.17,0.42,-3.51,-1.82,3.21
0.47,-0.17,0.02,-5.66,-2.78,-1.01|0.01,-0.27,0.94,-0.03,2.11,2.33|0.17,0.17,0.42,-3.52,-2.38,-0.81
0.47,-0.17,0.02,-5.08,-2.99,-0.57|0.01,-0.27,0.93,-0.96,2.47,2.38|0.17,0.18,0.42,-4.15,-1.53,2.02
0.47,-0.17,0.02,-5.03,-3.70,-0.50|0.01,-0.27,0.93,-1.89,2.41,3.12|0.17,0.17,0.43,-4.38,-1.21,2.59
0.47,-0.17,0.01,-6.07,-4.53,-0.26|0.01,-0.27,0.93,-2.50,1.94,2.05|0.18,0.17,0.43,-4.05,-1.31,2.39
0.47,-0.17,0.02,-5.18,-4.03,-0.73|0.01,-0.27,0.94,-3.25,1.32,3.57|0.18,0.17,0.42,-3.76,-2.07,0.19
0.47,-0.17,0.01,-5.43,-3.81,-0.97|0.00,-0.28,0.93,-4.08,1.67,1.73|0.18,0.18,0.42,-3.91,-2.16,2.27
0.48,-0.17,0.01,-4.69,-2.61,-1.17|0.00,-0.27,0.93,-4.47,1.61,1.33|0.18,0.17,0.42,-3.63,-2.68,2.13
0.47,-0.17,0.01,-4.12,-0.88,-1.85|0.01,-0.27,0.93,-4.74,1.20,3.43|0.18,0.17,0.42,-3.53,-2.77,1.31
0.47,-0.17,0.01,-4.76,-2.83,-1.58|0.00,-0.27,0.93,-4.48,2.05,3.59|0.17,0.17,0.42,-3.98,-2.62,2.13
0.47,-0.17,0.01,-5.05,-2.81,-1.86|0.00,-0.27,0.93,-2.71,2.73,0.82|0.17,0.17,0.42,-3.80,-2.31,2.01
0.47,-0.17,0.01,-4.50,-1.76,-1.55|0.01,-0.27,0.93,-2.51,2.70,1.27|0.17,0.17,0.42,-3.50,-2.19,1.98
0.48,-0.17,0.02,-4.19,-1.77,-1.54|0.00,-0.27,0.93,-1.79,3.19,2.41|0.17,0.17,0.42,-3.31,-1.58,0.88
0.47,-0.17,0.01,-4.24,-1.62,-1.69|0.00,-0.27,0.93,-1.47,2.85,2.47|0.18,0.18,0.42,-4.01,-1.18,0.60
0.47,-0.17,0.01,-4.33,-1.48,-2.04|0.01,-0.27,0.93,-1.42,3.04,1.42|0.18,0.17,0.42,-4.36,-1.22,3.30
0.47,-0.17,0.01,-4.50,-1.47,-2.29|0.01,-0.27,0.94,-1.79,3.47,0.73|0.17,0.17,0.42,-3.98,-1.45,2.94
0.47,-0.17,0.01,-4.10,-1.66,-2.00|0.00,-0.27,0.94,-2.66,2.37,2.10|0.17,0.17,0.43,-3.76,-1.86,0.51
0.47,-0.16,0.01,-4.74,-1.70,-1.61|0.00,-0.27,0.93,-2.85,1.73,2.54|0.18,0.17,0.42,-3.80,-2.51,1.47
0.48,-0.17,0.01,-4.70,-1.71,-2.24|0.00,-0.27,0.93,-2.99,2.11,-0.42|0.18,0.17,0.42,-3.56,-1.97,2.24
0.47,-0.17,0.01,-4.35,-1.19,-1.82|0.00,-0.27,0.94,-3.19,1.69,0.12|0.17,0.17,0.42,-3.57,-2.42,0.82
0.47,-0.17,0.01,-4.11,-1.34,-1.56|-0.00,-0.27,0.94,-3.51,2.03,1.51|0.18,0.17,0.42,-4.08,-2.51,1.40
0.47,-0.17,0.01,-4.58,-1.07,-1.67|0.00,-0.27,0.93,-3.48,2.31,0.76|0.17,0.17,0.42,-4.56,-2.08,1.75
0.47,-0.17,0.01,-4.67,-1.31,-1.66|0.00,-0.27,0.94,-3.00,2.37,0.63|0.17,0.17,0.42,-4.24,-1.93,2.08
0.47,-0.17,0.01,-4.52,-1.78,-1.27|-0.00,-0.27,0.93,-2.00,3.12,0.04|0.17,0.17,0.43,-4.18,-1.83,0.51
0.47,-0.17,0.01,-4.99,-2.07,-1.04|0.00,-0.27,0.93,-2.44,3.11,0.07|0.17,0.17,0.42,-3.82,-1.82,1.63
0.47,-0.16,0.01,-4.68,-1.70,-1.33|0.00,-0.27,0.93,-2.65,2.56,0.55|0.18,0.17,0.43,-3.98,-2.17,0.67
0.47,-0.17,0.01,-5.24,-1.99,-1.24|0.00,-0.27,0.93,-2.79,2.57,0.32|0.18,0.17,0.43,-3.29,-2.36,1.44
0.47,-0.17,0.01,-5.21,-2.07,-1.31|0.00,-0.27,0.93,-3.34,3.04,-0.65|0.18,0.18,0.42,-3.58,-2.56,0.44
0.47,-0.17,0.01,-4.47,-2.22,-1.51|0.00,-0.26,0.93,-3.31,2.37,0.56|0.17,0.17,0.43,-4.71,-2.52,1.05
0.47,-0.16,0.01,-5.01,-2.86,-1.18|0.00,-0.27,0.93,-3.40,2.03,1.79|0.17,0.17,0.42,-4.93,-2.33,1.37
0.48,-0.17,0.01,-4.11,-2.56,-1.05|0.00,-0.27,0.93,-3.03,2.35,0.04|0.17,0.17,0.42,-4.94,-1.77,2.43
0.47,-0.17,0.01,-4.35,-2.17,-1.08|0.00,-0.27,0.93,-2.63,1.93,1.07|0.18,0.17,0.43,-4.89,-2.06,1.68
0.47,-0.17,0.01,-5.72,-4.40,-0.14|0.00,-0.27,0.93,-2.76,1.24,1.77|0.18,0.17,0.42,-3.61,-2.11,0.42
0.47,-0.17,0.00,-5.51,-3.54,-0.39|0.01,-0.27,0.93,-2.59,1.93,0.25|0.17,0.18,0.42,-2.63,-1.62,3.05
0.47,-0.17,0.00,-5.11,-1.60,-0.92|0.00,-0.27,0.93,-2.75,2.23,-0.84|0.17,0.17,0.43,-2.94,-1.92,1.89
0.48,-0.16,0.00,-5.86,-1.40,-1.00|0.00,-0.27,0.93,-2.57,1.98,1.05|0.17,0.17,0.43,-2.39,-2.05,0.25
0.47,-0.17,0.01,-6.85,-1.46,-1.15|-0.00,-0.28,0.93,-1.67,2.11,-0.89|0.18,0.17,0.43,-2.40,-2.64,-0.38
0.47,-0.17,0.01,-6.97,-1.52,-1.50|0.00,-0.26,0.93,-2.18,3.50,-4.34|0.18,0.17,0.41,-3.67,-2.69,-0.57
0.47,-0.17,0.00,-5.84,-1.97,-0.61|0.01,-0.26,0.93,-3.09,4.36,-1.56|0.17,0.18,0.42,-6.31,-2.90,0.94
0.48,-0.17,0.00,-5.31,-2.32,-1.05|0.00,-0.27,0.93,-4.13,3.37,1.68|0.17,0.17,0.42,-6.71,-1.94,1.47
0.47,-0.17,-0.00,-4.63,-2.04,-2.02|0.00,-0.27,0.93,-4.41,2.91,1.04|0.17,0.17,0.42,-6.05,-1.92,1.95
0.47,-0.17,-0.00,-4.79,-3.34,-1.51|0.00,-0.27,0.94,-3.79,3.08,0.76|0.18,0.17,0.42,-5.49,-2.11,1.67
0.47,-0.17,-0.00,-4.67,-2.68,-1.11|0.01,-0.26,0.94,-3.20,3.22,-0.48|0.17,0.17,0.42,-4.62,-2.68,0.24
0.47,-0.17,-0.00,-4.37,-2.59,-0.89|0.01,-0.26,0.93,-2.62,2.66,1.22|0.17,0.17,0.43,-4.19,-2.65,1.93
0.47,-0.17,-0.00,-5.33,-3.12,-1.05|0.00,-0.27,0.93,-2.01,2.26,1.21|0.17,0.17,0.42,-3.43,-2.56,1.44
0.48,-0.17,-0.00,-5.61,-2.74,-0.69|0.00,-0.26,0.93,-1.69,1.67,-0.22|0.17,0.17,0.43,-2.27,-2.04,1.55
0.47,-0.17,-0.01,-6.22,-2.48,-0.46|0.00,-0.27,0.93,-1.21,1.22,0.63|0.17,0.17,0.42,-2.31,-2.16,0.79
