0.54,-0.01,0.05,-17.37,15.48,0.08|0.07,0.28,1.00,-36.28,28.02,66.07|0.04,-0.42,0.42,44.17,33.89,-50.66
0.65,-0.08,0.14,-20.87,-39.00,0.72|0.07,0.21,1.00,-37.18,32.56,115.53|0.16,-0.38,0.34,22.69,11.12,-69.87
0.50,-0.04,0.07,-13.72,-11.92,1.27|0.09,0.03,1.00,-12.49,-13.96,76.29|0.06,-0.29,0.22,-3.98,14.50,-108.27
0.45,0.03,0.09,-5.48,-1.65,-2.82|0.05,-0.07,1.00,13.77,-33.89,-21.34|0.01,-0.13,0.30,-30.18,-18.17,-50.93
0.48,-0.04,-0.01,-3.66,8.61,-0.73|0.04,0.05,1.00,29.42,-36.92,-91.92|-0.00,-0.30,0.42,-35.73,-47.53,20.72
0.48,-0.01,-0.03,-1.19,5.19,-3.07|0.05,0.31,1.00,26.79,-21.98,-50.96|0.02,-0.38,0.43,-13.91,-49.79,19.52
0.58,-0.03,0.08,-12.84,-3.90,-2.87|0.08,0.13,1.00,29.53,-16.28,-12.38|0.07,-0.29,0.30,-20.56,-17.91,-6.56
0.47,-0.01,0.05,-11.70,27.02,-2.45|0.06,0.15,1.00,28.34,2.15,-15.39|0.10,-0.24,0.39,-42.57,-1.42,10.39
0.49,-0.04,0.05,-5.92,21.95,-2.08|0.04,0.19,1.00,25.44,14.06,21.67|0.06,-0.27,0.36,-48.01,22.89,-5.55
0.55,-0.04,0.11,-3.33,24.52,-2.51|0.04,0.12,1.00,24.02,25.18,31.57|0.06,-0.21,0.34,-64.90,22.82,8.87
0.47,0.00,0.07,-5.14,19.64,-3.79|0.06,0.16,1.00,14.48,13.66,2.35|0.09,-0.25,0.42,-67.88,24.87,37.09
0.52,-0.06,0.11,2.09,31.19,-2.39|0.06,0.18,1.00,2.24,12.15,7.42|0.01,-0.17,0.37,-64.18,16.54,40.82
0.48,-0.03,0.08,4.23,15.85,-1.84|0.06,0.20,1.00,-2.98,11.96,20.60|0.06,-0.43,0.33,-54.90,-38.12,108.01
0.49,-0.02,0.09,2.57,21.37,3.50|0.04,0.15,1.00,-10.21,10.61,21.50|0.09,-0.41,0.29,-7.61,-34.18,64.60
0.48,-0.04,0.09,8.57,10.75,2.79|0.06,0.14,1.00,-9.99,15.31,-0.66|0.12,-0.47,0.25,20.20,-46.88,37.03
0.52,-0.02,0.14,6.46,9.15,4.14|0.05,0.16,1.00,-5.24,17.39,-9.73|0.09,-0.41,0.29,38.69,-52.50,13.69
0.48,-0.02,0.08,2.82,11.92,5.97|0.06,0.20,1.00,-13.98,18.81,-15.53|0.09,-0.43,0.39,53.80,-67.66,2.08
0.51,-0.05,0.15,-0.73,-6.53,6.51|0.07,0.18,1.00,-14.66,16.14,-11.17|0.08,-0.33,0.33,57.78,-70.81,-2.06
0.50,-0.04,0.15,5.37,-6.24,5.11|0.05,0.18,1.00,-19.76,20.60,3.15|0.09,-0.32,0.39,50.51,-54.03,-10.41
0.53,-0.04,0.14,4.92,-0.34,6.06|0.06,0.23,1.00,-22.72,12.44,-1.18|0.08,-0.31,0.37,33.91,-47.38,13.50
0.47,-0.06,0.08,9.37,-9.81,6.10|0.06,0.22,1.00,-29.31,4.27,-0.70|0.07,-0.30,0.38,25.77,-34.24,11.60
0.50,-0.05,0.12,12.08,-20.90,4.19|0.04,0.24,1.00,-27.80,-3.43,22.51|0.05,-0.32,0.31,17.28,-24.14,16.43
0.51,-0.04,0.10,14.07,-21.75,0.14|0.03,0.18,1.00,-29.49,-2.63,36.21|0.06,-0.33,0.37,14.12,-7.25,8.74
0.50,-0.03,0.14,15.07,-24.61,-3.41|0.05,0.13,1.00,-22.24,-11.32,20.56|0.08,-0.29,0.34,2.85,-9.45,13.12
0.51,-0.05,0.13,15.18,-13.05,-1.92|0.05,0.11,1.00,-8.94,-10.38,5.85|0.08,-0.27,0.38,-2.99,-28.55,61.19
0.52,-0.04,0.11,6.19,-1.63,-0.96|0.04,0.13,1.00,2.97,-11.87,0.21|0.09,-0.40,0.31,-6.64,-17.66,50.21
0.48,-0.04,0.08,0.22,-2.01,-4.08|0.03,0.10,1.00,12.30,-17.17,-23.11|0.11,-0.39,0.28,-8.36,-0.19,19.27
0.47,-0.04,0.08,-3.79,-5.63,-5.42|0.04,0.15,1.00,18.06,-16.27,-43.71|0.10,-0.37,0.28,-9.08,10.73,-6.37
0.49,-0.06,0.08,-1.66,-7.87,-6.60|0.03,0.16,1.00,23.54,-8.68,-23.63|0.08,-0.33,0.33,-13.17,9.23,-4.68
0.50,-0.07,0.08,0.22,-12.21,-7.02|0.04,0.16,1.00,23.32,-1.99,-13.95|0.11,-0.30,0.38,-21.56,4.89,3.98
0.49,-0.06,0.09,0.76,-12.13,-5.51|0.02,0.16,1.00,20.53,1.53,-7.79|0.11,-0.29,0.34,-32.92,12.09,6.52
0.49,-0.04,0.06,-5.64,-13.11,-4.13|0.02,0.16,1.00,12.00,-0.99,-13.80|0.08,-0.31,0.31,-36.85,26.43,-1.10
0.52,-0.03,0.08,-7.28,-12.09,-7.59|0.03,0.20,1.00,-0.51,-2.21,-3.43|0.05,-0.34,0.35,-29.94,34.88,-7.92
0.48,-0.03,0.06,-1.77,-15.80,-8.57|0.04,0.15,1.00,-7.39,-1.75,0.56|0.04,-0.32,0.34,-23.31,37.98,-13.46
0.48,0.01,0.05,-4.68,-20.61,-7.00|0.06,0.15,1.00,-10.91,2.73,-0.31|0.03,-0.29,0.37,-14.29,30.24,-2.31
0.51,-0.01,0.06,-5.79,-14.05,-10.52|0.07,0.19,1.00,-12.41,10.34,14.13|0.02,-0.32,0.35,0.30,21.85,1.37
0.51,0.00,0.06,-1.95,-11.85,-8.76|0.10,0.19,1.00,-15.08,17.08,28.69|0.01,-0.36,0.36,12.51,0.63,20.64
0.51,0.02,0.06,-3.08,-11.03,-5.63|0.12,0.18,1.00,-17.12,10.82,23.75|-0.00,-0.35,0.36,24.63,7.89,-5.92
0.53,0.09,0.04,-6.76,-8.69,-4.02|0.12,0.20,1.00,-21.97,10.73,12.47|-0.03,-0.33,0.38,27.34,-19.44,37.44
0.52,0.09,0.01,-4.95,-17.57,-8.72|0.16,0.19,1.00,-16.78,0.21,-7.64|-0.00,-0.38,0.34,21.69,-12.95,3.54
0.50,0.03,0.08,3.88,-3.15,-7.07|0.17,0.19,1.00,3.44,6.52,-12.58|-0.00,-0.32,0.34,13.15,6.43,-33.11
0.48,0.05,0.03,7.02,6.55,-7.76|0.10,0.23,1.00,13.31,15.48,22.59|-0.02,-0.24,0.30,2.46,13.61,-31.02
0.53,0.00,0.02,11.82,5.34,-7.92|0.06,0.16,1.00,4.64,8.83,41.08|0.00,-0.29,0.39,-5.01,0.05,4.98
0.49,0.02,0.03,5.21,3.88,-7.16|0.07,0.14,1.00,0.24,-2.91,10.73|0.03,-0.31,0.38,-7.59,-16.76,18.52
0.50,0.01,0.04,1.90,6.02,-6.41|0.05,0.16,1.00,-3.52,-4.37,6.18|0.03,-0.32,0.33,-10.43,-20.55,27.73
0.50,0.01,0.06,1.53,5.32,-2.37|0.06,0.15,1.00,-3.17,-1.49,10.39|0.02,-0.35,0.35,-7.03,-8.79,7.71
0.53,0.01,0.05,-1.92,3.86,-2.48|0.06,0.17,1.00,-5.75,-1.29,2.04|0.02,-0.33,0.38,-3.15,-12.32,9.14
0.50,0.03,0.06,-4.73,0.26,-2.40|0.07,0.16,1.00,-4.53,3.21,1.35|0.03,-0.32,0.35,0.17,-15.76,11.56
0.53,0.01,0.09,-3.90,3.89,-1.56|0.07,0.15,1.00,-4.32,6.96,-0.38|0.02,-0.32,0.35,3.52,-6.98,4.51
0.51,0.04,0.05,-5.44,12.09,-1.51|0.08,0.17,1.00,-4.07,6.81,-8.92|0.01,-0.32,0.38,4.90,-9.73,-1.79
0.48,0.03,0.05,-4.15,12.10,-2.83|0.09,0.17,1.00,-4.60,6.16,-13.87|0.03,-0.28,0.36,3.69,-13.53,4.91
0.47,0.04,0.04,-3.58,3.18,-2.96|0.09,0.19,1.00,-1.04,9.53,0.04|0.00,-0.28,0.35,0.92,-19.38,10.44
0.50,0.02,0.04,-1.27,-4.07,-3.42|0.10,0.18,1.00,-0.33,5.40,7.62|0.02,-0.30,0.38,-5.05,-10.14,8.98
0.51,0.04,0.06,-1.64,-5.72,-3.34|0.09,0.18,1.00,-2.42,4.08,8.29|0.02,-0.30,0.37,-6.41,-8.82,10.37
0.49,0.02,0.06,-2.08,-7.19,-3.85|0.09,0.15,1.00,-2.29,-5.56,4.40|0.02,-0.30,0.36,-6.13,-3.93,5.79
0.49,0.04,0.06,-4.63,-7.44,-2.68|0.08,0.16,1.00,-1.71,-4.14,0.62|0.02,-0.30,0.36,-5.05,-2.18,5.20
0.50,0.03,0.06,-3.43,-9.36,-3.20|0.08,0.17,1.00,-0.62,-0.02,2.92|0.02,-0.31,0.36,-1.60,1.47,1.48
0.53,0.04,0.05,-4.96,-6.91,-2.41|0.07,0.16,1.00,-4.12,3.72,7.83|0.01,-0.33,0.37,1.50,4.08,-5.21
0.50,0.03,0.05,-7.18,-4.18,-0.96|0.08,0.15,1.00,-5.37,2.69,2.59|0.01,-0.30,0.37,3.12,0.46,-5.30
0.51,0.02,0.05,-6.44,-1.15,0.45|0.08,0.15,1.00,-4.76,5.87,-2.01|0.03,-0.29,0.38,0.00,-6.91,4.61
0.50,0.02,0.05,-5.44,0.05,2.09|0.08,0.16,1.00,-4.37,4.27,-4.73|0.05,-0.31,0.38,-4.66,-3.59,2.62
0.51,0.02,0.05,-3.89,1.31,2.56|0.07,0.17,1.00,-5.98,1.95,-3.22|0.04,-0.30,0.38,-8.60,-4.82,1.74
0.51,0.01,0.05,-3.92,-1.54,2.74|0.07,0.17,1.00,-9.18,3.96,-1.15|0.04,-0.31,0.38,-10.34,-9.24,3.90
0.50,0.01,0.04,-1.11,-3.54,2.15|0.07,0.16,1.00,-10.69,0.44,-0.95|0.05,-0.30,0.37,-10.57,-9.76,4.02
0.50,0.01,0.04,1.99,-3.78,2.80|0.07,0.16,1.00,-9.63,0.11,-1.63|0.04,-0.31,0.36,-11.01,-4.92,-1.98
0.51,0.01,0.04,4.93,-5.17,1.89|0.08,0.17,1.00,-6.78,0.46,1.29|0.04,-0.28,0.38,-13.19,-7.57,0.07
0.51,0.02,0.05,5.89,-2.38,0.94|0.07,0.17,1.00,-9.02,-0.79,3.31|0.03,-0.30,0.38,-12.50,-7.78,9.33
0.51,0.02,0.05,8.07,-2.10,0.47|0.07,0.17,1.00,-11.71,2.06,6.60|0.04,-0.31,0.38,-7.63,-11.69,8.48
0.51,0.02,0.05,10.17,2.50,-0.50|0.07,0.18,1.00,-12.62,6.52,12.93|0.05,-0.29,0.38,-6.15,-15.20,13.38
0.50,0.02,0.05,9.60,4.01,-0.53|0.07,0.16,1.00,-6.69,11.27,16.33|0.04,-0.32,0.36,-3.72,-14.43,14.24
0.50,0.01,0.05,8.50,8.04,0.38|0.07,0.16,1.00,-0.01,13.33,17.38|0.04,-0.28,0.37,1.20,-15.66,13.76
0.52,0.01,0.06,6.50,8.81,2.44|0.06,0.17,1.00,4.57,14.50,18.01|0.03,-0.32,0.37,5.27,-13.44,10.94
0.50,0.01,0.06,6.20,10.66,1.95|0.07,0.16,1.00,11.02,12.94,17.02|0.04,-0.30,0.37,6.91,-14.63,8.82
0.49,0.00,0.04,6.85,4.85,1.69|0.06,0.16,1.00,15.85,13.32,14.98|0.05,-0.30,0.37,2.08,-12.15,14.37
0.48,-0.00,0.02,11.23,-6.72,0.96|0.06,0.16,1.00,18.66,15.42,18.57|0.06,-0.32,0.37,-2.09,-10.06,13.19
0.48,0.00,0.04,14.75,-17.58,0.63|0.06,0.18,1.00,18.86,19.51,28.94|0.07,-0.30,0.37,-6.80,-7.69,11.33
0.50,0.01,0.05,15.54,-20.63,0.14|0.05,0.18,1.00,14.40,19.88,37.28|0.06,-0.30,0.37,-10.65,-8.67,11.60
0.52,0.01,0.05,16.79,-16.93,0.04|0.05,0.17,1.00,7.51,18.21,36.09|0.05,-0.29,0.37,-12.27,-12.79,14.33
0.52,0.00,0.04,13.98,-14.90,0.96|0.05,0.16,1.00,1.81,17.25,32.64|0.04,-0.30,0.37,-6.78,-14.15,13.76
0.51,-0.01,0.06,12.17,-13.80,1.91|0.05,0.14,1.00,-3.34,12.00,24.77|0.04,-0.30,0.36,-0.91,-18.15,15.71
0.50,-0.01,0.04,9.90,-15.35,2.37|0.05,0.14,1.00,-5.22,12.18,17.82|0.05,-0.30,0.36,6.28,-14.77,11.87
0.53,-0.04,0.05,3.39,-7.49,5.21|0.04,0.16,1.00,-8.52,8.98,12.11|0.06,-0.31,0.35,11.02,-12.94,17.63
0.53,-0.03,0.04,-1.23,-6.17,5.44|0.03,0.15,1.00,-15.28,1.61,8.87|0.08,-0.35,0.37,13.85,-13.69,19.67
0.53,-0.04,0.01,-0.82,-0.93,3.98|0.03,0.16,1.00,-20.75,-3.60,-9.68|0.09,-0.36,0.34,9.37,-9.80,7.69
0.47,-0.02,0.02,6.81,-6.64,-1.68|0.04,0.18,1.00,-22.44,-1.95,4.10|0.11,-0.27,0.37,0.96,-12.38,-5.62
0.50,-0.04,0.02,9.46,-0.89,-4.59|0.04,0.16,1.00,-19.66,5.50,13.93|0.08,-0.26,0.32,-14.88,-10.76,8.66
0.50,-0.05,0.02,10.13,1.08,-4.86|0.03,0.16,1.00,-15.71,5.62,24.65|0.06,-0.30,0.36,-19.85,-10.96,14.20
0.53,-0.02,0.04,-2.26,5.24,-3.85|0.03,0.14,1.00,-16.12,-6.45,12.79|0.05,-0.31,0.36,-15.44,-9.25,18.05
0.48,-0.02,0.04,-12.63,12.33,-3.73|0.03,0.10,1.00,-8.98,-19.34,-13.48|0.05,-0.31,0.31,-6.79,15.47,-1.07
0.52,-0.02,0.02,-16.83,11.89,-3.34|0.05,0.10,1.00,1.90,-19.68,-36.58|0.05,-0.35,0.36,4.07,31.03,-17.60
0.54,-0.01,0.02,-10.02,7.88,-7.39|0.06,0.16,1.00,7.53,-12.71,-40.02|0.07,-0.31,0.40,9.11,10.77,-12.85
0.51,0.02,0.02,-6.39,8.33,-10.47|0.07,0.20,1.00,8.71,-0.13,-24.51|0.09,-0.26,0.40,-1.92,-10.05,6.90
0.48,0.00,0.04,-5.33,2.05,-11.78|0.08,0.20,1.00,9.77,12.40,10.13|0.06,-0.28,0.35,-14.93,-4.95,5.44
0.49,-0.00,0.05,-7.41,1.21,-9.82|0.07,0.15,1.00,9.44,14.46,21.15|0.03,-0.28,0.39,-16.31,1.23,-0.72
0.51,0.00,0.04,-10.69,-0.02,-7.22|0.07,0.13,1.00,6.23,0.72,0.15|0.02,-0.32,0.37,-12.17,3.58,5.44
0.51,0.01,0.04,-13.89,-1.74,-6.10|0.08,0.14,1.00,3.21,-12.35,-19.64|0.03,-0.33,0.35,-4.86,8.56,0.66
0.51,0.02,0.02,-14.14,-6.64,-7.73|0.10,0.16,1.00,1.84,-15.24,-23.02|0.04,-0.31,0.39,1.44,15.59,-11.29
0.50,0.05,0.02,-18.50,-18.64,-10.95|0.11,0.16,1.00,1.70,-15.25,-17.56|0.05,-0.30,0.39,5.09,9.96,-3.86
0.48,0.05,0.03,-28.07,-19.04,-11.25|0.11,0.14,1.00,4.53,-9.29,-6.71|0.03,-0.29,0.35,6.08,14.23,-12.24
0.50,0.04,0.03,-35.13,-22.17,-10.66|0.09,0.11,1.00,7.34,-11.45,-6.99|0.01,-0.32,0.35,8.48,18.82,-23.53
0.50,0.06,0.02,-41.22,-22.99,-8.11|0.09,0.13,1.00,1.87,-17.98,-30.65|0.00,-0.32,0.38,17.79,20.73,-29.34
0.51,0.06,-0.00,-39.10,-20.37,-8.81|0.09,0.17,1.00,-9.71,-22.64,-40.53|0.01,-0.31,0.38,20.91,19.72,-36.15
0.51,0.06,0.01,-35.07,-16.85,-7.79|0.10,0.21,1.00,-17.76,-13.69,-30.65|0.01,-0.28,0.38,15.10,18.40,-42.31
0.51,0.06,0.02,-29.22,-9.08,-5.79|0.12,0.19,1.00,-32.82,-1.49,-5.76|0.01,-0.25,0.40,4.19,7.57,-30.98
0.51,0.06,0.01,-18.66,-1.24,-4.29|0.11,0.19,1.00,-47.76,-3.14,-11.02|0.01,-0.26,0.41,-7.84,-5.16,-16.27
0.52,0.06,0.00,-10.60,2.13,-1.65|0.12,0.19,1.00,-60.20,-6.77,-12.34|0.01,-0.28,0.42,-17.63,-9.69,-5.92
0.50,0.07,0.02,-1.92,5.11,-0.08|0.14,0.18,1.00,-57.89,-10.06,-11.18|0.01,-0.26,0.40,-25.84,-14.48,3.61
0.51,0.06,-0.00,3.65,8.94,0.80|0.15,0.17,1.00,-47.92,-2.56,-2.76|0.00,-0.28,0.39,-30.52,-12.56,7.54
0.50,0.07,0.02,6.64,7.00,1.44|0.13,0.14,1.00,-28.70,-0.56,3.03|0.01,-0.28,0.39,-28.77,-17.68,14.73
0.52,0.05,0.01,7.08,11.74,1.72|0.12,0.13,1.00,-9.02,1.11,-4.69|0.01,-0.29,0.36,-24.32,-13.29,22.39
0.51,0.05,0.01,-1.52,6.60,2.35|0.11,0.14,1.00,12.43,8.11,8.15|0.00,-0.32,0.36,-12.18,-3.04,10.96
0.49,0.04,0.02,-5.27,6.18,2.42|0.12,0.12,1.00,27.32,5.81,4.04|0.03,-0.31,0.33,-3.78,7.32,5.24
0.50,0.03,0.01,-3.63,6.74,3.38|0.09,0.11,1.00,32.27,5.87,-6.59|0.02,-0.33,0.34,6.24,18.44,-9.41
0.50,0.03,0.03,-4.40,1.15,3.78|0.08,0.17,1.00,41.06,-0.98,-15.81|0.02,-0.27,0.41,6.80,23.70,-26.41
0.49,0.04,0.02,-6.99,-3.44,3.60|0.06,0.16,1.00,36.34,11.49,10.47|0.05,-0.28,0.39,12.68,20.89,-6.24
0.49,0.04,0.02,-6.93,-7.14,2.85|0.08,0.14,1.00,28.51,11.69,-3.06|0.06,-0.31,0.37,17.44,22.14,-9.93
0.51,0.03,0.03,-5.09,-5.56,1.11|0.08,0.19,1.00,18.94,19.46,18.94|0.10,-0.27,0.38,4.08,12.93,-13.53
0.52,0.01,0.03,-2.76,3.19,2.86|0.08,0.15,1.00,8.53,22.08,26.82|0.07,-0.35,0.38,-7.60,-4.71,16.08
0.51,0.02,0.03,0.13,5.90,4.37|0.09,0.14,1.00,3.27,12.62,7.27|0.05,-0.33,0.37,-11.82,-14.54,5.91
0.52,0.02,0.03,1.31,6.86,5.18|0.08,0.19,1.00,-6.12,14.99,10.66|0.05,-0.32,0.37,-14.02,-22.09,5.84
0.51,0.02,0.03,-0.83,5.05,5.05|0.09,0.16,1.00,-15.50,11.48,13.94|0.04,-0.32,0.38,-11.15,-18.44,-6.79
0.50,0.02,0.01,-1.59,3.40,6.49|0.10,0.14,1.00,-13.64,7.48,8.98|0.05,-0.29,0.39,-13.73,-19.96,-2.92
0.49,0.01,0.03,-1.08,3.56,5.13|0.09,0.12,1.00,-7.43,4.38,0.55|0.05,-0.28,0.36,-14.55,-14.72,-0.89
0.49,0.01,0.02,-1.63,2.21,4.43|0.08,0.17,1.00,-4.98,4.07,-3.39|0.04,-0.29,0.36,-16.35,-14.02,2.54
0.51,0.00,0.04,-1.89,0.26,3.42|0.08,0.14,1.00,-4.94,5.66,2.54|0.04,-0.30,0.38,-14.32,-8.31,3.23
0.52,-0.00,0.05,-0.44,-0.02,2.28|0.08,0.16,1.00,-3.10,6.66,-0.06|0.04,-0.30,0.36,-10.42,-8.44,7.31
0.50,-0.01,0.04,0.78,-0.55,1.12|0.07,0.18,1.00,-4.88,6.93,6.95|0.04,-0.29,0.36,-7.89,-2.60,6.12
0.51,0.00,0.04,0.92,-0.08,0.21|0.07,0.17,1.00,-8.55,6.43,9.93|0.06,-0.30,0.36,-5.93,0.95,6.80
0.50,0.00,0.04,1.85,-2.00,-1.02|0.07,0.17,1.00,-9.73,3.40,4.94|0.05,-0.31,0.37,-2.53,4.53,5.24
0.50,0.00,0.02,0.85,-4.11,-1.91|0.07,0.16,1.00,-8.05,3.50,7.44|0.06,-0.31,0.37,-1.07,4.43,5.05
0.50,0.01,0.02,0.53,-5.44,-2.29|0.08,0.15,1.00,-2.55,3.53,10.79|0.07,-0.31,0.38,-0.11,0.34,5.98
0.49,0.01,0.02,0.48,-5.46,-2.82|0.07,0.15,1.00,4.34,7.15,10.89|0.08,-0.31,0.37,-3.15,-7.86,8.33
0.49,0.00,0.03,-0.56,-6.99,-2.15|0.07,0.13,1.00,9.01,7.69,8.60|0.06,-0.32,0.35,-4.71,-7.11,2.83
0.50,0.00,0.03,-1.56,-3.63,-0.68|0.07,0.15,1.00,10.73,7.92,3.70|0.04,-0.32,0.36,-2.94,-5.63,-4.85
0.51,-0.00,0.03,-2.50,-2.23,-0.39|0.07,0.16,1.00,9.18,5.16,1.82|0.04,-0.30,0.38,1.08,-8.08,-0.96
0.50,0.00,0.04,-3.92,-0.95,-0.47|0.07,0.17,1.00,4.95,4.35,1.52|0.06,-0.29,0.38,0.92,-9.15,3.34
0.50,0.00,0.03,-3.82,-1.27,-0.88|0.07,0.15,1.00,1.52,4.09,-0.56|0.06,-0.30,0.37,0.29,-5.60,3.68
0.50,-0.00,0.02,-2.29,2.65,-1.53|0.07,0.15,1.00,-1.18,4.03,-1.55|0.05,-0.29,0.37,-1.13,-3.93,3.33
0.48,0.00,0.03,1.31,2.65,-1.66|0.07,0.15,1.00,-5.21,3.15,-3.70|0.05,-0.29,0.36,-2.13,-9.05,10.64
0.50,0.01,0.03,0.50,-2.55,-0.31|0.07,0.17,1.00,-11.66,3.49,-2.63|0.05,-0.30,0.39,-2.13,-13.52,16.23
0.50,0.01,0.02,0.90,-3.21,-1.61|0.07,0.16,1.00,-14.82,4.34,0.16|0.05,-0.30,0.37,-1.15,-14.27,16.46
0.49,0.03,0.03,-0.44,-8.69,-1.65|0.07,0.17,1.00,-17.53,5.61,3.19|0.07,-0.27,0.42,1.47,-20.50,20.48
0.51,0.00,0.02,-0.86,-9.40,-2.02|0.08,0.15,1.00,-15.90,6.69,0.93|0.04,-0.33,0.36,11.67,-29.02,24.63
0.50,0.02,0.04,-2.60,-12.15,-0.37|0.07,0.16,1.00,-14.92,7.49,8.51|0.07,-0.27,0.40,18.06,-32.01,19.13
0.51,0.01,0.03,-2.89,-6.76,-1.25|0.07,0.15,1.00,-15.30,5.51,2.37|0.07,-0.28,0.36,24.76,-35.80,24.67
0.51,0.00,0.01,-3.22,-9.79,-2.08|0.07,0.16,1.00,-16.53,2.06,1.25|0.07,-0.29,0.38,19.17,-20.15,4.41
0.53,-0.01,0.01,-1.24,-2.60,-3.04|0.07,0.17,1.00,-15.42,2.02,4.60|0.06,-0.28,0.41,15.72,-7.00,-4.02
0.51,-0.00,0.01,0.61,-4.19,-2.65|0.07,0.16,1.00,-12.66,0.07,11.77|0.05,-0.26,0.41,12.37,-11.76,9.27
0.50,-0.00,0.01,3.17,-6.18,-2.44|0.06,0.15,1.00,-8.62,3.29,12.45|0.06,-0.26,0.38,12.50,-17.27,19.95
0.50,0.00,0.01,4.19,-8.42,-2.62|0.06,0.15,1.00,-4.39,5.51,20.73|0.07,-0.21,0.44,14.02,-25.13,28.15
0.50,-0.01,0.01,6.64,-8.02,-1.73|0.06,0.13,1.00,0.92,5.58,11.51|0.08,-0.28,0.37,20.73,-32.49,38.60
0.51,-0.00,0.00,6.53,-8.01,-1.02|0.06,0.14,1.00,5.00,7.82,14.30|0.11,-0.25,0.41,18.76,-19.99,19.53
0.50,-0.01,0.00,8.15,-8.09,-1.18|0.06,0.12,1.00,8.29,6.79,9.28|0.10,-0.25,0.40,17.06,-9.10,3.67
0.50,-0.01,-0.00,7.11,-8.42,-0.95|0.05,0.14,1.00,10.34,8.24,7.91|0.10,-0.21,0.42,15.27,-14.85,11.29
0.50,-0.01,-0.01,6.05,-8.20,-0.77|0.05,0.13,1.00,10.71,8.11,9.98|0.10,-0.24,0.40,12.93,-13.22,12.51
0.50,-0.02,-0.03,4.63,-4.61,-0.65|0.04,0.14,1.00,8.31,6.61,6.47|0.12,-0.22,0.42,9.23,-12.30,14.19
0.51,-0.01,-0.02,-0.59,-1.37,0.31|0.04,0.13,1.00,4.14,3.63,58.63|0.11,-0.24,0.40,5.50,-4.44,8.98
0.50,-0.02,-0.00,-0.05,-1.08,-1.13|0.04,0.14,1.00,-0.79,3.69,0.26|0.11,-0.24,0.39,3.76,-4.92,4.04
0.51,-0.03,0.01,-2.68,2.95,-0.15|0.04,0.14,1.00,-6.44,2.71,-0.60|0.11,-0.25,0.39,-0.29,-0.21,-1.79
0.51,-0.04,0.01,-2.57,6.44,1.37|0.04,0.15,1.00,-11.19,0.12,-3.31|0.12,-0.26,0.40,-8.21,6.30,-10.93
0.50,-0.03,0.02,-5.51,10.69,3.20|0.04,0.15,1.00,-15.23,-3.85,-3.85|0.12,-0.24,0.40,-16.15,7.24,-13.13
0.51,-0.02,0.03,-11.15,15.34,3.16|0.04,0.14,1.00,-15.26,-7.29,-9.26|0.11,-0.26,0.38,-20.43,8.84,-9.31
0.52,-0.00,0.02,-14.25,14.18,-0.92|0.04,0.14,1.00,-14.24,-9.70,-14.14|0.10,-0.29,0.37,-25.60,14.09,-16.91
0.50,-0.01,0.01,-12.63,11.63,-4.79|0.06,0.14,1.00,-9.25,-5.34,-18.04|0.10,-0.26,0.39,-37.50,17.23,-22.11
0.50,-0.02,0.02,-7.74,9.17,-6.63|0.07,0.17,1.00,-0.62,4.27,-3.47|0.07,-0.25,0.40,-48.68,19.52,-19.29
0.50,-0.02,0.02,-3.36,9.07,-6.92|0.06,0.16,1.00,4.55,10.37,14.66|0.06,-0.24,0.41,-59.08,17.92,-6.18
0.49,-0.00,0.03,-1.86,8.34,-6.51|0.05,0.16,1.00,4.67,7.49,9.86|0.06,-0.24,0.40,-65.93,12.05,12.93
0.51,0.00,0.03,-3.33,8.44,-5.92|0.06,0.16,1.00,3.34,3.79,5.05|0.06,-0.27,0.40,-70.62,18.44,19.84
0.50,0.02,0.02,-5.70,9.40,-7.18|0.08,0.14,1.00,6.56,-0.76,-2.37|0.06,-0.30,0.38,-67.85,24.84,14.94
0.51,0.00,0.04,-5.53,5.14,-8.21|0.08,0.15,1.00,14.07,-0.03,-2.22|0.03,-0.33,0.34,-56.98,36.98,3.84
0.50,0.01,0.03,-5.18,-1.22,-8.08|0.09,0.15,1.00,18.36,1.23,3.86|0.03,-0.34,0.35,-31.24,15.05,2.92
0.48,0.02,0.03,-7.73,-4.15,-8.11|0.08,0.15,1.00,19.47,2.57,6.00|0.02,-0.30,0.32,-14.66,11.24,-0.93
0.50,0.02,0.04,-9.58,-3.95,-7.50|0.07,0.14,1.00,15.04,-0.34,3.23|0.01,-0.32,0.34,5.17,6.57,-2.98
0.50,0.02,0.05,-10.62,-3.56,-6.66|0.07,0.15,1.00,8.79,-5.14,-6.87|0.01,-0.32,0.35,26.95,-3.94,-9.98
0.51,0.03,0.05,-11.67,-1.52,-5.58|0.07,0.17,1.00,-0.08,-4.67,-7.26|0.01,-0.33,0.36,40.69,-9.09,-5.25
0.50,0.04,0.05,-12.56,-1.42,-5.61|0.08,0.16,1.00,-9.88,-5.85,-5.79|0.02,-0.31,0.37,52.76,-10.56,-11.89
0.51,0.03,0.04,-13.61,-3.11,-5.34|0.08,0.16,1.00,-16.79,-3.36,-8.45|0.03,-0.31,0.38,55.71,-5.66,-15.95
0.50,0.04,0.03,-12.57,-4.68,-6.07|0.09,0.16,1.00,-22.15,-4.57,-8.44|0.05,-0.28,0.41,48.08,-2.11,-13.56
0.50,0.03,0.04,-10.47,-8.98,-6.41|0.09,0.17,1.00,-23.99,-3.47,-11.12|0.05,-0.26,0.40,37.06,2.15,-9.53
0.51,0.03,0.03,-5.13,-8.22,-7.53|0.09,0.18,1.00,-25.63,-0.20,-1.69|0.04,-0.28,0.40,21.91,0.92,-0.62
0.51,0.03,0.03,-2.34,-7.80,-5.61|0.10,0.17,1.00,-25.60,0.46,7.62|0.04,-0.29,0.40,10.26,-3.97,4.79
0.51,0.03,0.04,-1.90,-2.69,-4.43|0.09,0.16,1.00,-20.11,-2.18,11.50|0.03,-0.29,0.37,1.02,-8.51,14.09
0.50,0.04,0.03,-5.18,-5.05,-3.89|0.08,0.15,1.00,-14.98,-10.28,-5.89|0.04,-0.32,0.37,-5.80,0.70,6.49
0.50,0.03,0.03,-8.26,-4.06,-4.31|0.08,0.13,1.00,-6.30,-8.62,-0.10|0.03,-0.30,0.36,-11.98,6.71,-1.98
0.50,0.03,0.02,-11.61,-6.31,-4.12|0.08,0.12,1.00,4.43,-8.78,-8.08|0.04,-0.30,0.38,-18.33,12.80,-8.41
0.50,0.03,0.02,-13.81,-7.21,-4.24|0.08,0.12,1.00,12.60,-5.83,-10.63|0.04,-0.28,0.38,-25.75,13.82,-7.13
0.50,0.04,0.02,-16.33,-8.79,-3.79|0.08,0.13,1.00,17.95,-3.67,-12.27|0.04,-0.29,0.39,-30.37,17.08,-7.30
0.50,0.04,0.01,-18.49,-10.60,-3.63|0.09,0.14,1.00,18.33,-2.44,-14.39|0.03,-0.29,0.39,-32.92,20.42,-12.02
0.50,0.04,0.02,-20.00,-11.29,-3.59|0.09,0.15,1.00,15.47,-0.90,-12.36|0.03,-0.30,0.39,-32.55,21.62,-15.11
0.51,0.05,0.01,-20.72,-12.53,-3.12|0.10,0.16,1.00,10.27,0.52,-6.04|0.03,-0.29,0.40,-31.89,19.15,-11.58
0.50,0.05,0.01,-21.63,-10.78,-2.27|0.11,0.17,1.00,-0.89,-4.59,-7.26|0.01,-0.31,0.39,-25.69,13.31,-14.52
0.49,0.06,0.01,-20.00,-8.12,-0.31|0.12,0.17,1.00,-8.36,-4.31,-1.94|0.01,-0.28,0.38,-21.35,9.37,-18.92
0.51,0.05,0.03,-10.30,-2.87,-0.29|0.13,0.18,1.00,-18.09,-2.52,-2.11|-0.00,-0.29,0.39,-14.85,1.16,-18.40
0.51,0.06,0.02,-1.07,3.24,-0.73|0.13,0.19,1.00,-27.03,-2.95,1.00|-0.01,-0.27,0.41,-8.78,-12.89,-12.60
0.50,0.05,0.03,5.67,6.64,-0.73|0.13,0.18,1.00,-32.36,-3.74,1.79|0.01,-0.26,0.39,-4.69,-27.40,6.67
0.50,0.06,0.02,11.09,8.89,-0.72|0.12,0.17,1.00,-33.42,-0.67,5.18|-0.00,-0.28,0.35,-1.58,-29.82,14.42
0.51,0.06,0.02,10.23,8.95,0.06|0.12,0.14,1.00,-30.40,-3.90,-3.45|0.00,-0.29,0.38,6.44,-31.56,17.86
0.50,0.06,0.02,6.73,8.83,0.43|0.11,0.15,1.00,-22.36,-1.71,-6.32|0.01,-0.29,0.37,14.30,-30.99,24.04
0.49,0.05,0.02,0.79,5.52,0.01|0.11,0.13,1.00,-9.05,1.68,-2.47|0.01,-0.31,0.34,22.52,-20.79,17.61
0.51,0.04,0.03,-4.27,3.78,-0.11|0.09,0.14,1.00,2.96,7.14,-0.31|0.02,-0.32,0.35,30.61,-7.95,4.93
0.51,0.05,0.03,-7.34,5.54,-0.12|0.10,0.13,1.00,10.92,7.81,-4.70|0.03,-0.29,0.37,31.20,-9.44,10.90
0.51,0.04,0.03,-12.66,3.39,0.63|0.09,0.14,1.00,18.26,9.33,-9.66|0.06,-0.27,0.40,27.35,-6.48,14.51
0.50,0.03,0.02,-15.99,1.37,1.53|0.10,0.14,1.00,23.68,10.21,-5.08|0.06,-0.34,0.39,23.52,-6.33,13.47
0.50,0.02,0.02,-15.03,-2.93,2.04|0.10,0.17,1.00,25.48,12.70,-5.29|0.06,-0.33,0.37,18.60,1.21,-3.43
0.50,0.03,0.02,-13.87,-1.53,2.37|0.09,0.18,1.00,22.24,14.03,10.84|0.06,-0.31,0.35,10.05,5.11,-14.34
0.51,0.03,0.03,-12.78,-0.73,2.05|0.09,0.17,1.00,13.77,12.80,10.33|0.05,-0.30,0.37,-0.56,1.44,-18.11
0.51,0.02,0.03,-9.96,2.73,2.21|0.09,0.17,1.00,7.15,9.49,9.98|0.05,-0.29,0.40,-12.27,-3.77,-13.93
0.51,0.02,0.03,-6.68,-0.20,2.99|0.09,0.15,1.00,1.70,5.24,9.21|0.06,-0.28,0.40,-24.07,-1.75,-12.27
0.51,0.02,0.04,-4.63,0.11,4.59|0.10,0.17,1.00,1.63,2.84,12.35|0.05,-0.27,0.39,-37.02,2.08,-10.69
0.51,0.02,0.03,-4.04,-0.73,4.84|0.09,0.16,1.00,-0.98,4.11,14.06|0.05,-0.28,0.40,-46.41,6.17,-5.75
0.50,0.02,0.03,-3.59,-0.45,4.56|0.08,0.15,1.00,-1.95,0.38,3.22|0.05,-0.28,0.39,-51.99,11.83,-1.73
0.50,0.02,0.03,-3.89,-1.47,4.44|0.08,0.15,1.00,-2.21,1.18,-1.82|0.04,-0.29,0.37,-52.26,17.82,-3.05
0.50,0.02,0.03,-2.63,-1.90,3.54|0.08,0.15,1.00,-1.82,3.12,-2.94|0.05,-0.28,0.39,-50.22,23.34,-0.08
0.50,0.01,0.03,-4.18,-1.15,2.64|0.08,0.16,1.00,-2.76,5.93,-1.69|0.04,-0.29,0.37,-41.60,13.92,4.08
0.50,0.01,0.03,-1.76,-5.11,1.47|0.07,0.16,1.00,-5.80,8.18,-1.05|0.04,-0.31,0.36,-33.47,13.41,2.02
0.49,0.01,0.02,-1.89,-4.09,0.27|0.08,0.17,1.00,-10.82,5.44,-1.72|0.04,-0.30,0.35,-19.65,9.59,0.56
0.50,0.00,0.03,-2.18,-7.04,-1.16|0.08,0.16,1.00,-12.39,6.88,-3.35|0.04,-0.30,0.35,-6.05,5.10,-1.27
0.51,0.01,0.03,-2.81,-3.76,-1.98|0.08,0.14,1.00,-12.90,6.10,-1.72|0.03,-0.31,0.36,11.05,-6.37,2.53
0.50,-0.00,0.03,-2.55,-1.91,-2.29|0.08,0.15,1.00,-13.34,1.53,-11.85|0.04,-0.31,0.36,23.15,-11.10,5.78
0.51,-0.01,0.04,-4.14,-0.81,-1.48|0.07,0.15,1.00,-14.20,0.95,-8.47|0.04,-0.31,0.37,33.29,-15.08,6.75
0.51,-0.00,0.02,-4.02,-0.87,-0.12|0.07,0.16,1.00,-18.08,-3.37,-13.59|0.05,-0.32,0.38,40.81,-17.50,1.98
0.51,-0.00,0.03,-3.96,0.18,-0.01|0.07,0.18,1.00,-22.18,-2.74,-8.95|0.08,-0.33,0.38,38.84,-29.03,10.98
0.50,0.00,0.02,-2.32,1.92,-0.10|0.07,0.17,1.00,-23.21,-4.20,-4.82|0.08,-0.32,0.37,31.97,-41.48,26.39
0.51,0.00,0.04,-2.16,1.74,-0.35|0.07,0.15,1.00,-20.34,-3.00,-4.94|0.05,-0.36,0.33,26.53,-27.06,1.34
0.51,0.01,0.04,-4.31,5.91,0.01|0.07,0.14,1.00,-13.76,-2.52,-2.76|0.05,-0.28,0.38,24.06,-17.02,-13.59
0.50,-0.00,0.03,-3.37,5.99,-0.15|0.07,0.14,1.00,-5.79,-1.06,-8.43|0.05,-0.27,0.40,17.19,-17.07,-1.50
0.51,-0.00,0.03,-3.34,7.56,-0.08|0.07,0.16,1.00,0.85,1.10,-3.98|0.06,-0.29,0.36,4.63,-15.34,9.42
0.50,0.00,0.04,-1.28,3.44,-0.99|0.07,0.16,1.00,4.45,5.26,-0.32|0.05,-0.29,0.37,-9.17,-3.26,5.56
0.50,-0.00,0.04,0.61,3.08,-0.90|0.07,0.16,1.00,6.81,8.31,7.81|0.05,-0.29,0.38,-19.25,-0.37,5.31
0.50,0.00,0.04,0.88,3.82,-0.48|0.07,0.15,1.00,9.01,9.20,7.35|0.06,-0.29,0.38,-27.69,3.21,13.66
0.51,0.01,0.04,-0.94,0.80,-0.44|0.07,0.15,1.00,11.79,9.53,8.94|0.06,-0.30,0.37,-33.54,10.91,9.40
0.50,0.01,0.05,-1.46,2.14,-1.37|0.08,0.14,1.00,14.31,9.77,6.34|0.05,-0.29,0.38,-35.31,16.17,4.77
0.50,0.00,0.05,-0.95,2.01,-1.98|0.07,0.16,1.00,15.93,10.92,10.75|0.05,-0.30,0.37,-33.48,17.18,2.34
0.50,0.00,0.04,-0.36,-1.37,-3.27|0.08,0.14,1.00,14.92,9.07,7.85|0.04,-0.30,0.37,-30.08,14.40,3.56
0.49,0.01,0.04,-1.80,-2.38,-4.09|0.08,0.17,1.00,11.50,8.77,9.08|0.05,-0.31,0.37,-24.21,13.26,0.93
0.51,0.01,0.06,-3.05,-7.04,-5.00|0.07,0.15,1.00,7.27,7.83,11.78|0.04,-0.30,0.37,-18.24,8.60,1.02
0.51,0.01,0.05,-4.11,-8.18,-4.88|0.08,0.16,1.00,1.63,3.89,8.08|0.04,-0.31,0.37,-10.69,8.51,-2.76
0.50,0.01,0.05,-5.31,-6.79,-4.12|0.07,0.16,1.00,-3.73,-0.21,4.95|0.05,-0.30,0.37,-2.21,-0.83,2.32
0.49,0.02,0.04,-5.64,-7.20,-4.42|0.08,0.15,1.00,-9.48,0.49,3.22|0.03,-0.30,0.37,7.21,-2.27,-1.15
0.50,0.01,0.04,-6.01,-6.15,-4.23|0.08,0.16,1.00,-13.17,-1.04,-0.38|0.04,-0.31,0.37,14.27,-4.86,-1.90
0.52,0.01,0.03,-4.65,-7.64,-4.21|0.07,0.16,1.00,-16.35,1.16,0.80|0.03,-0.31,0.39,20.73,-6.98,-1.98
0.51,0.02,0.04,-4.76,-11.15,-4.18|0.08,0.15,1.00,-19.21,-1.18,1.11|0.04,-0.30,0.38,24.09,-11.64,-3.14
0.51,0.02,0.03,-6.37,-15.90,-3.30|0.07,0.16,1.00,-21.29,0.70,1.19|0.04,-0.30,0.37,24.37,-11.77,-2.27
0.51,0.02,0.02,-9.44,-12.21,-2.53|0.07,0.14,1.00,-22.10,-2.77,1.45|0.04,-0.30,0.37,21.23,-11.23,-2.34
0.51,0.02,0.02,-9.21,-6.39,-2.33|0.07,0.15,1.00,-21.52,-5.11,-9.70|0.04,-0.30,0.38,18.40,-10.49,-0.45
0.50,0.02,0.02,-9.27,-3.46,-2.09|0.08,0.14,1.00,-15.33,-3.92,-4.91|0.05,-0.28,0.36,11.82,-5.49,-5.52
0.50,0.02,0.01,-9.24,-2.40,-1.83|0.08,0.14,1.00,-7.76,0.42,-5.31|0.05,-0.28,0.38,1.49,-3.76,-0.88
0.51,0.01,0.01,-7.77,-1.31,-1.30|0.07,0.15,1.00,-2.45,1.45,-4.64|0.05,-0.29,0.39,-6.95,-2.10,-1.44
0.51,0.02,0.02,-5.31,0.32,-1.06|0.08,0.17,1.00,1.37,4.57,-0.76|0.05,-0.28,0.38,-14.11,-0.21,2.28
0.50,0.02,0.02,-4.25,-1.30,-1.15|0.08,0.15,1.00,3.92,6.63,3.87|0.05,-0.29,0.38,-21.01,4.75,-0.39
0.51,0.02,0.02,-5.05,0.92,-0.40|0.08,0.16,1.00,6.28,7.14,2.70|0.05,-0.29,0.39,-24.89,5.50,2.16
0.51,0.02,0.03,-5.32,0.15,0.15|0.08,0.14,1.00,8.44,6.22,2.99|0.04,-0.30,0.38,-26.06,6.41,1.84
0.50,0.02,0.02,-5.75,-0.27,0.21|0.08,0.15,1.00,10.27,7.26,3.02|0.04,-0.29,0.37,-25.65,8.87,-0.01
0.50,0.02,0.02,-5.88,-1.43,-0.26|0.08,0.14,1.00,10.71,6.27,5.15|0.04,-0.30,0.38,-23.78,9.18,-1.22
0.50,0.01,0.02,-6.04,-3.37,0.09|0.08,0.15,1.00,9.70,6.60,2.47|0.03,-0.30,0.38,-19.59,6.88,-0.75
0.51,0.01,0.02,-5.23,-1.39,0.41|0.07,0.14,1.00,8.36,5.20,3.37|0.04,-0.30,0.38,-15.03,4.98,-0.78
0.50,0.01,0.02,-4.93,-2.08,0.69|0.07,0.15,1.00,5.25,3.25,-0.54|0.04,-0.29,0.37,-10.05,2.59,-1.05
0.50,0.01,0.01,-4.13,-3.76,-0.43|0.07,0.15,1.00,1.62,2.56,-1.37|0.04,-0.30,0.38,-4.28,-0.28,0.26
0.50,0.02,0.00,-5.53,-5.35,-0.47|0.08,0.15,1.00,-3.03,2.31,-1.55|0.04,-0.29,0.38,2.27,-5.02,1.76
0.50,0.01,0.03,-3.46,-6.34,-1.58|0.07,0.16,1.00,-8.98,2.47,-0.35|0.04,-0.29,0.37,7.44,-4.63,0.60
0.50,0.01,0.01,-3.32,-5.87,-2.02|0.07,0.16,1.00,-17.41,0.15,0.48|0.03,-0.30,0.36,13.11,-8.42,0.40
0.50,0.01,0.01,-2.22,-6.63,-2.91|0.07,0.17,1.00,-25.15,-1.41,-0.15|0.03,-0.30,0.38,17.66,-9.19,0.51
0.50,0.01,0.01,-0.41,-7.50,-3.30|0.07,0.16,1.00,-29.21,-0.33,5.55|0.03,-0.29,0.37,20.60,-12.45,1.06
0.50,0.01,0.02,0.68,-6.66,-3.61|0.07,0.15,1.00,-29.60,-0.09,5.42|0.04,-0.29,0.38,20.29,-12.89,2.63
0.51,0.02,0.01,0.81,-6.49,-3.00|0.08,0.15,1.00,-27.30,1.02,4.72|0.04,-0.30,0.39,18.43,-11.08,4.22
0.50,0.02,0.00,0.50,-10.34,-3.49|0.08,0.14,1.00,-21.72,2.41,6.40|0.05,-0.29,0.39,14.07,-8.15,3.11
0.51,0.02,-0.00,0.40,-10.88,-2.92|0.08,0.14,1.00,-12.42,5.69,10.25|0.04,-0.29,0.38,8.17,-2.85,0.76
0.51,0.02,-0.01,0.46,-8.92,-2.27|0.08,0.11,1.00,-3.29,9.73,13.00|0.04,-0.27,0.39,-0.34,-2.67,1.44
0.52,0.02,-0.00,0.23,-3.92,-1.27|0.08,0.12,1.00,6.83,6.34,-0.23|0.04,-0.28,0.38,-8.29,-3.94,4.56
0.52,0.03,0.00,-1.97,1.76,-0.50|0.08,0.14,1.00,12.83,3.94,-3.35|0.04,-0.28,0.39,-14.37,-1.89,2.49
0.51,0.02,-0.00,-3.50,1.97,-0.50|0.08,0.18,0.94,0.08,19.62,17.14|0.05,-0.30,0.40,-19.71,2.47,-1.34
0.50,0.03,-0.01,-5.73,6.05,0.30|0.08,0.13,1.00,20.74,6.41,-4.91|0.04,-0.29,0.39,-23.35,3.46,-2.02
0.50,0.03,0.00,-7.28,5.34,0.89|0.08,0.14,1.00,20.85,7.13,-4.84|0.03,-0.28,0.38,-22.50,0.10,-2.21
0.50,0.03,0.01,-7.33,7.82,1.96|0.07,0.16,1.00,17.30,9.99,-1.43|0.02,-0.29,0.38,-22.79,2.63,-5.39
0.50,0.02,0.01,-5.68,6.53,1.44|0.06,0.18,1.00,7.58,7.62,3.73|0.03,-0.29,0.39,-19.43,-0.50,-4.06
0.50,0.02,0.01,-3.25,6.12,0.69|0.06,0.17,1.00,-0.22,9.02,7.13|0.03,-0.28,0.38,-19.33,-5.76,6.50
0.49,0.02,0.01,-2.02,2.09,0.19|0.07,0.16,1.00,-3.25,11.05,15.74|0.03,-0.29,0.38,-16.76,-1.00,0.72
0.50,0.01,0.01,-2.61,0.02,0.07|0.06,0.13,1.00,-2.42,13.27,18.05|0.04,-0.28,0.37,-13.49,-1.08,4.05
0.49,0.01,0.01,-2.26,-1.83,0.29|0.06,0.12,1.00,0.70,11.65,12.39|0.03,-0.29,0.37,-8.48,1.74,2.56
0.50,-0.00,0.02,0.67,-3.84,0.11|0.07,0.14,1.00,0.68,10.12,3.11|0.03,-0.29,0.38,-2.08,2.95,-0.71
0.51,-0.02,0.00,3.82,-4.47,0.85|0.05,0.17,1.00,-2.82,7.63,3.98|0.03,-0.29,0.39,6.30,0.61,4.54
0.51,-0.03,0.01,3.96,-5.44,2.08|0.04,0.18,1.00,-10.01,3.35,13.27|0.06,-0.30,0.39,6.19,-2.85,11.14
0.53,-0.03,0.03,3.50,-0.49,2.41|0.04,0.17,1.00,-17.78,-2.50,10.70|0.10,-0.28,0.39,3.12,-11.71,27.79
0.51,-0.02,0.02,0.18,3.85,3.31|0.04,0.14,1.00,-19.73,-8.57,5.47|0.13,-0.36,0.37,-6.60,-16.29,25.89
0.48,-0.04,0.02,-0.39,4.39,5.12|0.04,0.13,1.00,-16.07,-12.76,-7.93|0.10,-0.37,0.31,-10.32,-15.05,14.12
0.52,-0.04,0.03,-1.68,5.37,6.59|0.03,0.15,1.00,-11.51,-9.65,-5.10|0.07,-0.36,0.36,-6.09,-8.80,-10.62
0.51,-0.01,0.02,0.15,6.40,2.95|0.03,0.16,1.00,-10.21,-8.33,-3.04|0.05,-0.31,0.36,-3.10,-11.10,-13.02
0.49,-0.00,0.03,-3.09,4.71,-3.33|0.04,0.15,1.00,-9.13,-5.47,-9.43|0.04,-0.27,0.35,-4.89,-9.99,-8.02
0.49,-0.02,0.03,-3.40,-0.95,-5.17|0.06,0.12,1.00,0.04,1.44,-7.68|0.03,-0.27,0.37,-4.02,-8.40,-0.79
0.51,-0.02,0.03,-2.37,-1.06,-3.13|0.07,0.13,1.00,8.95,5.63,-10.02|0.03,-0.30,0.39,-0.55,-11.83,2.99
0.51,-0.00,0.02,-5.29,-0.60,-1.95|0.06,0.16,1.00,11.05,9.32,-8.27|0.04,-0.28,0.37,0.81,0.82,-0.08
0.49,-0.00,0.02,-9.26,-4.30,-2.78|0.05,0.17,1.00,8.25,5.82,-3.46|0.05,-0.29,0.36,2.84,4.85,-2.63
0.51,-0.00,0.02,-12.44,-2.39,-3.15|0.05,0.17,1.00,-0.53,5.19,-5.67|0.06,-0.30,0.37,4.41,6.42,-3.46
0.51,-0.01,0.02,-8.23,-2.06,-4.29|0.05,0.18,1.00,-5.63,4.43,-1.53|0.06,-0.32,0.38,1.72,3.24,-0.48
0.51,-0.01,0.02,-8.36,0.44,-2.78|0.06,0.16,1.00,-7.02,7.47,6.32|0.05,-0.30,0.37,-2.56,-2.22,2.97
0.50,-0.01,0.03,-6.24,-1.45,-3.02|0.06,0.14,1.00,-2.37,9.99,9.71|0.05,-0.30,0.38,-7.44,5.27,-3.28
0.49,0.00,0.03,-3.72,-4.86,-3.14|0.07,0.13,1.00,4.37,14.38,12.06|0.04,-0.28,0.38,-10.62,4.45,-1.93
0.50,0.01,0.02,-4.55,-9.99,-3.39|0.08,0.16,1.00,8.82,16.55,14.60|0.07,-0.29,0.39,-8.90,0.22,-0.18
0.51,0.02,0.03,-9.92,-6.03,-1.71|0.07,0.14,1.00,7.57,12.37,10.45|0.04,-0.33,0.35,-9.98,-3.17,5.74
0.50,-0.00,0.02,-12.34,-1.31,-2.32|0.07,0.15,1.00,6.45,2.63,-2.95|0.03,-0.32,0.36,-3.65,9.36,-17.59
0.51,0.00,0.01,-12.16,0.55,-1.73|0.07,0.16,1.00,4.73,-2.34,-6.07|0.03,-0.29,0.38,0.67,2.44,-11.18
0.51,0.01,0.02,-10.93,0.42,-2.93|0.06,0.16,1.00,1.92,-4.12,-4.28|0.03,-0.29,0.38,-0.29,3.10,-11.66
0.50,0.01,0.02,-8.14,4.18,-3.70|0.06,0.16,1.00,0.31,-4.01,-2.97|0.05,-0.26,0.38,-6.51,-0.99,-3.48
0.50,0.00,0.03,-4.44,6.69,-5.25|0.05,0.17,1.00,-2.69,-3.78,0.98|0.04,-0.28,0.37,-11.18,-1.44,2.83
0.50,0.00,0.03,-3.32,10.72,-3.77|0.05,0.15,1.00,-7.69,-6.18,-4.53|0.03,-0.29,0.38,-13.76,-4.82,9.80
0.50,0.01,0.03,-3.42,12.66,-4.06|0.05,0.19,1.00,-13.05,-5.05,-3.56|0.03,-0.29,0.37,-11.30,-5.44,12.60
0.51,0.01,0.04,-5.26,5.19,-4.66|0.05,0.16,1.00,-15.04,-4.44,0.18|0.03,-0.33,0.37,-6.19,-1.49,11.97
0.51,-0.01,0.06,-6.11,7.08,-2.60|0.06,0.14,1.00,-13.15,-3.07,-6.15|0.04,-0.31,0.38,-1.30,0.84,4.95
0.51,0.00,0.05,-3.78,8.95,-0.98|0.05,0.17,1.00,-10.98,1.29,-6.20|0.05,-0.31,0.38,-1.39,-5.15,12.73
0.50,0.01,0.05,-3.45,5.25,-1.20|0.06,0.18,1.00,-10.21,2.89,-5.05|0.03,-0.32,0.34,-2.30,-7.06,12.92
0.50,0.02,0.05,-6.38,0.73,-2.31|0.06,0.19,1.00,-9.01,3.70,-1.31|0.04,-0.32,0.36,-3.94,-5.20,13.50
0.50,0.01,0.04,-7.92,-3.66,-3.27|0.07,0.18,1.00,-3.56,3.21,2.42|0.05,-0.33,0.36,-2.95,0.87,-1.93
0.51,0.01,0.06,-9.40,-5.38,-2.50|0.07,0.15,1.00,2.33,1.40,-1.46|0.04,-0.34,0.35,-4.08,1.90,-4.51
0.51,0.01,0.06,-11.47,1.09,-2.20|0.06,0.15,1.00,5.97,0.52,-2.76|0.03,-0.30,0.36,-2.29,1.80,-11.47
0.51,0.01,0.05,-11.14,2.69,-2.42|0.05,0.15,1.00,6.50,-1.65,-6.39|0.03,-0.30,0.37,-0.83,-2.97,-4.88
0.51,-0.00,0.06,-12.57,6.81,-1.17|0.05,0.15,1.00,7.21,-1.23,-9.85|0.03,-0.30,0.38,-0.33,-0.71,-5.97
0.51,-0.01,0.04,-6.82,1.16,-1.15|0.05,0.17,1.00,5.07,0.45,-7.24|0.03,-0.31,0.38,-0.41,2.30,-5.47
0.49,0.01,0.03,-3.60,-8.53,-1.76|0.06,0.18,1.00,0.17,2.08,-0.66|0.04,-0.28,0.38,-4.34,0.28,0.02
0.49,0.02,0.03,-1.49,-19.61,-4.31|0.07,0.17,1.00,-4.92,7.40,7.08|0.04,-0.28,0.36,-7.66,3.88,-0.06
0.51,0.01,0.05,-0.94,-15.78,-4.31|0.06,0.16,1.00,-8.26,10.82,14.89|0.03,-0.29,0.38,-8.29,2.06,0.10
0.51,0.01,0.04,-1.76,-10.13,-3.31|0.07,0.15,1.00,-10.30,5.11,6.78|0.02,-0.31,0.38,-3.04,-2.53,5.28
0.51,0.01,0.05,-3.29,-4.42,-2.70|0.07,0.16,1.00,-9.95,1.21,-1.11|0.04,-0.30,0.36,0.68,-2.82,3.88
0.51,0.02,0.03,-3.83,-0.50,-3.07|0.06,0.17,1.00,-9.42,0.80,0.85|0.02,-0.31,0.36,4.96,0.98,-2.44
0.51,0.01,0.03,-4.88,-1.56,-3.11|0.06,0.17,1.00,-11.63,-1.60,0.63|0.04,-0.31,0.39,5.34,-2.97,0.60
0.50,0.01,0.03,-3.36,-2.75,-2.86|0.06,0.16,1.00,-9.92,-2.60,2.40|0.04,-0.30,0.37,4.18,-4.62,2.98
0.49,0.01,0.02,-1.37,-5.11,-2.87|0.06,0.15,1.00,-6.41,-0.19,4.36|0.05,-0.29,0.37,-1.26,-0.13,-0.11
0.50,0.01,0.02,0.87,-6.50,-2.89|0.05,0.16,1.00,-3.96,2.09,8.21|0.04,-0.29,0.39,-5.65,-2.04,1.40
0.50,0.02,0.03,0.27,-6.03,-2.37|0.06,0.15,1.00,-2.41,4.32,7.22|0.03,-0.29,0.37,-8.37,-7.47,8.34
0.51,0.02,0.04,2.69,-4.79,-1.31|0.05,0.15,1.00,-1.35,6.30,8.94|0.03,-0.30,0.37,-9.18,-4.70,5.09
0.49,0.02,0.01,0.38,-0.30,0.08|0.06,0.15,1.00,-2.08,6.69,5.90|0.02,-0.29,0.39,-8.63,-6.18,4.42
0.50,0.02,0.02,1.62,-1.37,0.82|0.06,0.16,1.00,-1.90,9.78,6.05|0.04,-0.33,0.38,-2.66,-5.72,8.08
0.52,0.02,0.03,-0.97,5.71,2.39|0.06,0.14,1.00,-1.47,11.66,12.04|0.03,-0.32,0.37,-0.08,4.41,-9.09
0.51,0.00,0.05,-2.14,0.28,2.00|0.06,0.14,1.00,-0.25,8.42,4.45|0.04,-0.27,0.38,1.89,0.27,-9.60
0.49,0.02,0.02,-2.60,12.30,2.31|0.06,0.15,1.00,-1.07,8.61,-1.28|0.04,-0.30,0.39,0.75,-5.71,8.07
0.53,0.00,0.03,-2.18,2.97,1.62|0.06,0.20,1.00,-6.95,9.27,6.26|0.04,-0.34,0.36,5.08,-0.50,-3.68
0.50,0.01,0.02,-4.72,1.34,-0.23|0.05,0.16,1.00,-5.12,9.33,27.45|0.04,-0.30,0.34,-0.56,5.45,-19.60
0.51,0.00,0.07,-2.53,2.85,0.13|0.07,0.10,1.00,-2.63,1.53,11.85|0.04,-0.26,0.36,-6.63,4.13,-15.20
0.49,0.03,0.03,-3.04,10.59,-0.25|0.05,0.14,1.00,-0.37,-0.13,-10.89|0.04,-0.30,0.43,-10.11,-8.20,11.08
0.53,-0.01,0.04,-4.61,-3.82,-1.84|0.06,0.19,1.00,-0.95,4.02,7.89|0.05,-0.32,0.37,-6.21,0.99,-2.60
0.51,0.00,0.05,-7.05,-6.24,-1.58|0.05,0.16,1.00,0.30,7.88,23.19|0.04,-0.30,0.35,-7.07,10.55,-20.82
0.51,0.00,0.07,-5.85,2.44,-0.96|0.05,0.09,1.00,2.32,0.76,5.11|0.03,-0.22,0.35,-11.16,5.79,-12.59
0.47,0.02,-0.02,-8.89,14.69,-1.18|0.07,0.17,1.00,-1.24,-2.98,-25.90|0.05,-0.36,0.46,-7.99,-13.22,23.39
0.55,-0.01,0.08,-8.98,1.83,-1.96|0.06,0.22,1.00,-3.60,2.46,3.11|0.06,-0.31,0.36,-7.29,0.96,0.66
0.50,0.00,0.04,-8.72,-6.77,-2.62|0.05,0.14,1.00,-3.91,4.24,23.76|0.05,-0.28,0.35,-6.98,16.98,-21.17
0.50,0.02,0.05,-5.87,-3.27,-3.14|0.05,0.09,1.00,-2.04,-2.45,-9.35|0.02,-0.24,0.37,-12.81,1.16,1.71
0.49,0.01,0.05,-7.47,-3.02,-3.79|0.05,0.14,1.00,-2.56,-4.44,-32.44|0.02,-0.30,0.41,-9.37,-12.42,20.39
0.50,0.00,0.02,-6.94,-3.24,-3.40|0.07,0.23,1.00,-7.22,4.17,-6.21|0.04,-0.36,0.35,-0.21,-10.68,15.82
0.50,0.00,0.05,-8.79,-4.85,-1.61|0.05,0.17,1.00,-6.31,11.50,27.15|0.05,-0.32,0.33,-2.26,16.75,-23.08
0.51,0.01,0.06,-7.05,-5.19,-1.53|0.05,0.09,1.00,-7.99,4.42,5.24|0.03,-0.24,0.39,-3.38,8.99,-14.40
0.51,0.01,0.05,-7.91,0.11,-2.32|0.05,0.16,1.00,-9.24,-5.88,-28.50|0.02,-0.29,0.39,-2.11,-9.50,14.69
0.51,0.00,0.03,-5.60,-0.94,-2.76|0.07,0.20,1.00,-7.52,-0.18,-5.56|0.04,-0.33,0.36,2.29,-8.57,8.27
0.50,0.01,0.04,-6.57,-4.14,-1.71|0.05,0.15,1.00,-4.50,3.76,11.44|0.04,-0.31,0.35,2.04,1.63,-7.34
0.51,0.01,0.05,-5.27,-7.56,-2.21|0.05,0.14,1.00,-4.60,0.09,-0.77|0.04,-0.28,0.38,0.33,3.06,-6.71
0.49,0.00,0.02,-7.23,-5.36,-1.74|0.05,0.16,1.00,-2.27,-0.24,-3.22|0.04,-0.30,0.37,-3.00,-2.40,0.83
0.51,0.01,0.04,-6.24,-8.40,-2.61|0.06,0.14,1.00,-0.02,-0.33,-1.95|0.04,-0.30,0.36,-4.64,-3.56,2.35
0.51,-0.00,0.03,-4.08,-4.59,-2.44|0.06,0.14,1.00,0.01,1.10,-6.47|0.04,-0.30,0.38,-5.68,0.91,-2.90
0.51,0.01,0.03,-3.89,-8.66,-1.79|0.06,0.18,1.00,-2.73,2.77,2.24|0.04,-0.31,0.39,-5.57,0.24,-3.36
0.51,0.01,0.02,-3.98,-11.50,-1.22|0.06,0.15,1.00,-3.91,3.06,9.34|0.04,-0.30,0.39,-7.60,0.83,-3.85
0.49,0.01,0.02,-2.52,-8.66,-0.69|0.05,0.14,1.00,-5.00,0.08,2.62|0.05,-0.28,0.39,-10.17,0.24,-3.42
0.51,0.01,0.02,-3.21,-6.93,0.15|0.05,0.13,1.00,-1.84,0.43,0.38|0.04,-0.29,0.38,-12.21,-2.66,1.40
0.51,0.01,0.01,-2.55,-4.60,-0.44|0.06,0.14,1.00,-2.71,-0.47,-7.41|0.04,-0.30,0.38,-10.92,-4.13,4.16
0.51,0.01,0.01,-1.52,-3.75,-0.30|0.06,0.17,1.00,-3.78,3.82,0.74|0.03,-0.30,0.38,-8.02,-4.57,3.16
0.51,0.01,0.03,-1.11,-1.89,-0.37|0.05,0.15,1.00,-5.44,6.21,8.34|0.04,-0.28,0.37,-5.23,-6.30,3.77
0.50,0.01,0.01,-2.25,-2.27,-0.51|0.05,0.14,1.00,-6.53,5.37,0.24|0.04,-0.30,0.36,-3.00,-6.85,5.67
0.50,0.01,0.01,-3.00,-2.39,-1.15|0.06,0.15,1.00,-6.51,3.66,0.42|0.04,-0.30,0.38,-0.07,-5.09,2.92
0.50,0.01,0.02,-3.71,-3.83,-1.04|0.06,0.15,1.00,-4.73,5.08,1.79|0.04,-0.30,0.36,3.16,-4.18,1.73
0.50,0.01,0.02,-4.05,-4.11,-0.86|0.05,0.14,1.00,-3.60,4.78,1.94|0.04,-0.30,0.37,4.15,-2.98,1.14
0.50,0.01,0.01,-4.32,-0.81,-0.82|0.06,0.15,1.00,-3.73,4.02,-0.47|0.05,-0.30,0.38,4.82,-2.16,1.02
0.51,0.00,0.02,-4.95,-1.73,-0.84|0.06,0.15,1.00,-3.61,3.60,-0.53|0.04,-0.29,0.37,3.06,-2.21,-0.56
0.50,0.01,0.01,-3.51,-1.08,-0.82|0.06,0.16,1.00,-4.41,3.79,1.88|0.04,-0.30,0.37,1.17,-4.40,3.50
0.50,0.01,0.02,-3.98,-2.32,-1.33|0.05,0.15,1.00,-4.86,2.41,1.52|0.04,-0.30,0.37,-1.01,-3.73,2.40
0.51,0.00,0.01,-4.45,-1.98,-1.56|0.05,0.14,1.00,-4.36,1.72,1.14|0.05,-0.29,0.37,-2.47,-1.79,2.39
0.50,0.02,0.01,-6.12,-2.21,-1.23|0.05,0.14,1.00,-2.99,1.18,-1.03|0.04,-0.30,0.37,-3.15,-2.10,0.07
0.51,0.01,0.02,-6.49,-2.57,-1.60|0.05,0.15,1.00,-2.32,1.53,-0.85|0.04,-0.30,0.37,-4.66,-0.38,-1.11
0.51,0.01,0.01,-7.42,-1.60,-2.24|0.05,0.15,1.00,-2.41,1.37,-0.31|0.04,-0.30,0.37,-5.66,1.63,-4.53
0.51,0.00,0.01,-8.04,-0.37,-2.02|0.05,0.15,1.00,-1.36,1.31,-3.01|0.04,-0.29,0.38,-7.33,-1.60,0.13
0.51,0.01,0.02,-7.81,-0.51,-2.02|0.06,0.16,1.00,-2.33,1.44,-0.87|0.04,-0.30,0.37,-8.18,2.41,-2.95
0.50,0.01,0.02,-7.02,-0.02,-2.55|0.05,0.15,1.00,-3.57,0.54,-1.88|0.04,-0.29,0.38,-9.76,1.50,-3.34
0.50,0.01,0.01,-6.83,0.18,-2.53|0.06,0.15,1.00,-3.89,1.18,-0.68|0.04,-0.30,0.38,-8.77,0.02,0.11
0.51,0.01,0.02,-7.31,0.02,-1.85|0.05,0.15,1.00,-3.36,0.60,-1.20|0.03,-0.30,0.38,-8.17,-1.36,0.66
0.50,0.01,0.02,-6.66,-0.04,-1.87|0.06,0.15,1.00,-2.73,0.79,-2.27|0.04,-0.30,0.38,-6.68,0.03,1.16
0.51,0.01,0.02,-7.06,-0.26,-0.93|0.05,0.15,1.00,-1.76,1.47,-1.49|0.05,-0.30,0.39,-6.46,-1.27,0.03
0.50,0.02,0.01,-7.15,0.88,-0.21|0.05,0.15,1.00,-1.63,0.34,-4.40|0.03,-0.29,0.37,-5.51,-2.36,3.59
0.50,0.00,0.02,-7.25,1.95,0.09|0.05,0.15,1.00,-0.60,2.38,-3.88|0.04,-0.31,0.38,-4.95,-1.20,-2.25
0.50,-0.00,0.02,-2.34,1.15,0.27|0.05,0.16,1.00,-0.13,4.60,-0.77|0.04,-0.30,0.37,-4.66,-6.51,6.18
0.50,0.01,0.02,-1.28,1.09,0.91|0.05,0.17,1.00,-2.57,6.02,3.84|0.04,-0.30,0.38,-6.15,-3.79,0.75
0.50,0.00,0.02,-0.27,0.77,1.07|0.06,0.15,1.00,-2.55,5.82,2.52|0.04,-0.28,0.37,-6.85,-7.89,6.24
0.51,0.01,0.02,-2.20,-0.12,1.34|0.05,0.15,1.00,-1.19,6.82,6.34|0.04,-0.31,0.38,-5.31,-8.31,7.31
0.50,0.01,0.01,-1.76,-0.46,-0.36|0.06,0.14,1.00,0.77,4.59,0.32|0.04,-0.29,0.37,-2.85,-7.60,5.97
0.50,0.00,0.02,-0.06,-1.79,-1.11|0.05,0.16,1.00,2.08,6.45,3.43|0.03,-0.30,0.37,-0.58,-5.74,5.98
0.51,-0.00,0.03,1.38,-1.98,-1.63|0.05,0.16,1.00,-0.23,5.23,5.65|0.05,-0.29,0.38,0.80,-6.10,4.71
0.52,0.01,0.03,-1.06,-2.10,-1.10|0.05,0.17,1.00,-4.38,5.02,6.69|0.04,-0.31,0.38,1.18,-4.59,7.36
0.51,0.01,0.03,-1.79,-4.41,-1.76|0.05,0.14,1.00,-4.72,1.08,3.33|0.04,-0.31,0.37,1.44,-3.52,2.29
0.51,0.00,0.03,-2.18,-4.65,-1.92|0.05,0.15,1.00,-1.68,3.06,2.04|0.05,-0.30,0.37,2.27,-8.96,7.85
0.51,-0.00,0.03,-3.27,-3.95,-1.11|0.04,0.15,1.00,-0.63,1.17,0.15|0.04,-0.29,0.37,-0.36,-7.95,11.29
0.51,-0.00,0.03,-3.69,-2.23,-1.20|0.05,0.16,1.00,-2.56,0.97,-3.79|0.04,-0.34,0.37,-1.66,-2.89,5.99
0.51,-0.00,0.02,-3.05,-1.00,-0.52|0.05,0.16,1.00,-2.53,1.98,-0.18|0.07,-0.30,0.38,-4.63,-3.14,0.50
0.50,0.00,0.02,-3.45,-0.22,0.17|0.04,0.16,1.00,-3.39,2.43,1.40|0.04,-0.32,0.37,-6.27,0.49,-3.70
0.50,0.00,0.02,-4.73,-0.85,-0.65|0.05,0.15,1.00,-3.89,1.47,-0.80|0.04,-0.28,0.38,-7.30,-0.56,-5.22
0.51,-0.00,0.02,-5.54,-1.90,-0.85|0.05,0.16,1.00,-3.16,1.57,-1.73|0.03,-0.30,0.37,-7.98,-1.09,2.18
0.51,-0.00,0.03,-6.37,-1.75,-0.46|0.04,0.16,1.00,-2.98,1.39,-0.44|0.04,-0.29,0.38,-6.62,-0.03,0.26
0.50,0.00,0.02,-7.17,-2.15,-0.98|0.05,0.16,1.00,-3.61,1.06,-3.39|0.04,-0.29,0.37,-4.66,2.56,1.34
0.50,-0.00,0.02,-7.27,-1.89,-0.60|0.05,0.15,1.00,-3.12,2.38,-2.85|0.04,-0.31,0.36,-3.54,2.65,0.23
0.50,-0.00,0.02,-7.85,-1.85,-0.04|0.04,0.16,1.00,-3.02,2.72,-2.36|0.04,-0.31,0.37,-1.27,3.35,-0.61
0.51,-0.01,0.03,-7.13,-0.79,-0.35|0.04,0.16,1.00,-4.18,2.38,-3.68|0.05,-0.31,0.39,-0.73,0.96,-0.92
0.50,-0.00,0.02,-5.89,-1.53,-0.24|0.05,0.16,1.00,-3.78,3.01,-2.76|0.05,-0.30,0.38,-1.94,-0.50,0.43
0.51,-0.00,0.02,-4.36,-1.94,-1.11|0.05,0.17,1.00,-4.47,3.77,1.37|0.04,-0.30,0.38,-3.74,-2.50,-0.15
0.50,-0.00,0.02,-4.58,-2.95,-1.18|0.05,0.16,1.00,-4.60,2.59,0.44|0.04,-0.29,0.37,-4.84,-5.46,2.39
0.51,-0.00,0.02,-5.24,-1.47,-1.38|0.04,0.16,1.00,-3.60,3.16,2.56|0.04,-0.31,0.37,-5.19,-2.40,0.36
0.51,-0.00,0.02,-3.89,-2.22,-1.91|0.05,0.15,1.00,-2.18,2.00,-0.13|0.04,-0.29,0.38,-4.53,-3.14,-0.32
0.51,-0.00,0.02,-4.56,-0.57,-2.05|0.05,0.16,1.00,-2.16,1.29,1.89|0.03,-0.29,0.37,-5.23,-3.04,2.74
0.50,0.00,0.01,-5.43,-1.11,-2.24|0.05,0.16,1.00,-2.07,0.62,-0.79|0.03,-0.29,0.38,-4.89,-0.91,-0.67
0.51,-0.00,0.01,-6.25,-0.37,-2.06|0.05,0.15,1.00,-1.97,1.51,1.06|0.03,-0.30,0.38,-4.11,-2.80,2.83
0.51,-0.00,0.02,-6.55,-0.52,-1.63|0.04,0.15,1.00,-1.69,1.08,-1.92|0.04,-0.30,0.38,-3.71,-1.94,1.50
0.51,-0.00,0.02,-6.85,-1.37,-1.89|0.04,0.16,1.00,-2.76,0.92,-1.18|0.04,-0.30,0.37,-3.78,-0.05,0.79
0.51,-0.00,0.01,-6.22,-1.43,-2.03|0.05,0.15,1.00,-3.73,0.98,-2.10|0.04,-0.30,0.38,-3.48,-0.10,-0.40
0.50,0.00,0.02,-5.47,-2.56,-1.83|0.05,0.16,1.00,-5.14,2.19,0.73|0.04,-0.30,0.38,-3.97,-2.44,1.04
0.50,-0.00,0.01,-4.66,-2.02,-1.98|0.05,0.15,1.00,-6.09,1.92,1.27|0.04,-0.30,0.38,-5.16,-1.48,0.02
0.50,-0.00,0.01,-4.24,-1.34,-1.73|0.05,0.16,1.00,-5.50,2.74,0.60|0.04,-0.29,0.38,-4.86,-3.43,2.08
0.51,-0.00,0.02,-4.23,-0.94,-1.76|0.05,0.16,1.00,-4.60,1.58,0.70|0.03,-0.30,0.38,-4.56,-2.16,1.79
0.51,0.00,0.02,-4.87,-1.60,-1.55|0.05,0.16,1.00,-3.65,2.11,-0.34|0.04,-0.30,0.38,-3.93,-1.65,1.54
0.51,-0.00,0.02,-5.95,0.04,-1.02|0.05,0.16,1.00,-2.57,1.40,0.77|0.04,-0.30,0.38,-3.11,-1.38,0.02
0.50,-0.01,0.02,-4.03,-1.20,-1.39|0.05,0.16,1.00,-1.31,2.66,-1.12|0.04,-0.30,0.37,-3.31,-1.63,0.91
0.51,0.00,0.01,-3.97,-0.99,-1.79|0.05,0.16,1.00,-1.56,2.20,3.02|0.04,-0.29,0.37,-4.89,-3.05,2.47
0.51,-0.00,0.02,-3.89,-0.93,-2.02|0.05,0.15,1.00,-1.73,3.05,0.98|0.04,-0.29,0.38,-4.39,-2.53,1.50
0.51,0.00,0.02,-4.09,-1.18,-1.94|0.05,0.15,1.00,-0.99,2.92,2.42|0.03,-0.30,0.37,-4.49,-2.88,1.89
0.50,0.00,0.01,-4.18,-0.37,-1.65|0.05,0.16,1.00,-1.29,2.64,-0.08|0.04,-0.30,0.37,-4.82,-1.73,1.31
0.50,0.00,0.02,-4.61,-1.15,-1.79|0.05,0.16,1.00,-2.13,2.21,1.83|0.03,-0.30,0.38,-4.76,-1.78,2.96
0.51,0.00,0.02,-4.74,-0.77,-2.02|0.05,0.15,1.00,-3.37,2.24,0.31|0.04,-0.30,0.38,-4.74,-0.96,0.80
0.50,0.00,0.01,-4.80,-0.64,-1.66|0.05,0.16,1.00,-3.53,2.08,0.46|0.04,-0.30,0.37,-4.85,-2.63,2.21
0.51,0.00,0.02,-4.72,-0.46,-1.76|0.05,0.16,1.00,-3.67,1.63,0.41|0.04,-0.30,0.37,-4.99,-1.96,1.21
0.51,0.00,0.02,-5.27,-0.27,-1.69|0.05,0.16,1.00,-3.85,1.27,-0.80|0.03,-0.30,0.37,-4.48,-2.50,1.66
0.51,0.00,0.02,-5.09,0.26,-1.67|0.05,0.16,1.00,-3.81,1.34,-0.50|0.03,-0.30,0.38,-3.82,-1.85,0.67
0.51,0.00,0.03,-5.72,0.35,-1.58|0.05,0.16,1.00,-3.62,1.03,-1.41|0.03,-0.30,0.37,-3.95,-1.94,0.92
0.50,0.00,0.01,-5.62,-0.46,-1.84|0.05,0.16,1.00,-3.26,1.08,-0.63|0.03,-0.30,0.37,-4.20,-1.47,1.28
0.50,-0.00,0.02,-5.56,-1.34,-1.48|0.05,0.16,1.00,-2.31,1.20,-1.29|0.03,-0.31,0.37,-4.37,-1.24,0.71
0.51,0.00,0.03,-5.10,-0.52,-1.55|0.05,0.17,1.00,-2.08,1.59,1.27|0.04,-0.29,0.38,-5.01,-1.47,1.41
0.50,0.00,0.03,-5.35,-0.92,-1.94|0.05,0.15,1.00,-2.68,1.68,-1.05|0.04,-0.30,0.37,-4.22,-0.85,-0.05
0.51,0.00,0.02,-5.62,-0.92,-1.37|0.05,0.16,1.00,-2.15,2.44,1.05|0.04,-0.30,0.37,-3.24,-3.70,1.98
0.51,0.00,0.02,-5.23,-1.62,-1.31|0.05,0.16,1.00,-3.05,1.96,-0.90|0.03,-0.30,0.37,-3.09,-2.02,-0.09
0.50,0.00,0.03,-4.77,-1.23,-1.69|0.05,0.16,1.00,-3.60,2.25,0.35|0.04,-0.30,0.37,-4.02,-2.27,1.36
0.50,0.00,0.03,-4.09,-2.29,-2.03|0.05,0.16,1.00,-4.08,2.00,1.02|0.04,-0.30,0.37,-4.50,-2.34,3.04
0.50,0.00,0.02,-4.73,-2.28,-1.77|0.05,0.16,1.00,-4.31,2.07,1.04|0.03,-0.31,0.37,-3.92,-1.75,1.42
0.51,0.00,0.02,-5.66,-2.96,-1.87|0.05,0.16,1.00,-3.08,1.60,0.54|0.04,-0.30,0.37,-2.97,-0.40,-0.42
0.51,0.00,0.02,-6.33,-6.40,-2.41|0.05,0.17,1.00,-2.58,2.78,2.89|0.04,-0.30,0.37,-2.94,1.02,-3.05
0.50,0.00,0.03,-5.17,-6.25,-3.27|0.05,0.16,1.00,-3.11,2.50,3.95|0.04,-0.30,0.37,-3.85,0.83,-1.85
0.51,0.00,0.02,-3.76,-4.62,-3.27|0.06,0.16,1.00,-3.66,1.48,3.27|0.04,-0.30,0.38,-4.96,0.21,-0.57
0.51,0.01,0.02,-2.71,-2.57,-3.30|0.05,0.16,1.00,-3.30,0.47,2.76|0.03,-0.30,0.37,-5.53,-2.53,1.60
0.50,0.01,-0.00,-3.89,-0.09,-2.24|0.06,0.15,1.00,-2.42,0.51,1.80|0.04,-0.30,0.38,-5.68,-3.29,1.89
0.51,0.01,0.02,-2.44,-1.53,-2.51|0.05,0.17,1.00,-2.06,1.66,3.42|0.04,-0.29,0.37,-5.28,-2.94,1.78
0.50,0.01,0.02,-3.68,-0.97,-3.23|0.06,0.15,1.00,-1.83,2.01,3.51|0.03,-0.30,0.38,-4.30,-3.23,-0.01
0.50,0.01,0.02,-3.79,-3.22,-3.26|0.05,0.16,1.00,-0.23,2.84,4.08|0.03,-0.29,0.38,-3.67,-3.07,0.25
0.51,0.01,0.01,-4.34,-3.86,-3.95|0.06,0.16,1.00,-0.62,1.77,3.38|0.03,-0.30,0.37,-3.06,-0.24,-0.56
0.50,0.01,0.02,-3.81,-1.75,-3.85|0.06,0.16,1.00,-1.30,2.10,3.53|0.03,-0.29,0.36,-3.53,-1.67,0.21
0.50,0.01,0.02,-3.16,-2.68,-3.57|0.06,0.16,1.00,-2.25,0.49,2.98|0.03,-0.30,0.37,-4.11,-1.79,2.25
0.50,0.01,0.02,-2.37,-1.26,-2.95|0.06,0.16,1.00,-3.66,0.53,3.15|0.03,-0.29,0.38,-4.51,-2.11,3.94
