0.49,0.00,0.02,40.67,-2.05,-5.10|0.07,0.13,1.00,16.39,15.80,29.20|0.04,-0.32,0.31,8.64,-36.78,46.61
0.50,0.00,0.03,31.81,-1.82,-5.15|0.06,0.15,1.00,19.27,18.60,38.79|0.04,-0.33,0.34,3.63,-26.66,36.33
0.51,-0.00,0.03,24.69,-1.79,-4.68|0.08,0.14,1.00,18.30,14.58,27.91|0.04,-0.35,0.35,3.22,-22.25,30.89
0.50,0.01,0.04,16.56,-4.08,-3.59|0.09,0.14,1.00,17.32,11.15,19.22|0.04,-0.34,0.33,3.09,-10.61,14.56
0.51,0.03,0.04,9.09,-0.61,-1.82|0.10,0.15,1.00,14.56,8.23,15.14|0.03,-0.35,0.37,0.65,-3.15,5.97
0.51,0.06,0.02,-0.31,-5.37,-2.49|0.11,0.15,1.00,9.52,6.12,5.92|0.04,-0.33,0.37,-3.55,2.32,-6.21
0.53,0.05,0.03,-3.37,-6.74,-6.01|0.13,0.19,1.00,1.93,6.18,4.13|0.02,-0.34,0.37,-6.43,0.87,-7.55
0.49,0.06,0.02,-9.11,-7.44,-6.36|0.12,0.20,1.00,-8.27,9.30,9.72|0.01,-0.32,0.38,-8.48,0.24,-14.83
0.50,0.01,0.04,-1.48,-6.99,-7.44|0.10,0.17,1.00,-13.53,10.38,15.53|0.02,-0.28,0.34,-15.21,-1.06,-8.80
0.51,-0.01,0.03,7.71,-0.78,-3.03|0.10,0.16,1.00,-16.86,9.47,9.42|0.02,-0.27,0.38,-20.72,-4.27,-5.96
0.52,0.03,0.03,6.26,2.44,1.21|0.08,0.22,1.00,-24.99,6.15,9.09|0.03,-0.28,0.43,-22.62,-15.07,14.60
0.49,0.02,0.02,1.85,2.21,-0.11|0.08,0.18,1.00,-27.25,1.98,10.81|0.05,-0.29,0.37,-22.51,-17.91,34.18
0.49,0.02,0.03,-1.45,2.30,-1.67|0.08,0.15,1.00,-26.00,1.68,2.96|0.06,-0.34,0.32,-20.82,2.76,16.76
0.50,-0.00,0.03,-1.02,0.66,-1.66|0.09,0.14,1.00,-17.27,-0.98,-2.96|0.05,-0.34,0.34,-15.44,18.53,-11.78
0.51,0.00,0.03,-3.09,-1.85,-1.72|0.08,0.17,1.00,-9.56,3.18,-0.47|0.05,-0.30,0.37,-8.33,7.71,-3.50
0.50,0.00,0.02,-4.69,-0.92,-1.02|0.07,0.15,1.00,-0.21,4.10,4.61|0.05,-0.32,0.36,-4.35,-2.83,9.95
0.50,-0.01,0.03,-3.16,0.34,-1.05|0.06,0.16,1.00,3.82,4.23,-0.08|0.07,-0.32,0.35,-2.56,4.18,-1.21
0.50,-0.00,0.03,-2.66,-1.47,-0.40|0.07,0.17,1.00,6.13,3.63,0.52|0.07,-0.31,0.36,-1.81,0.34,-1.42
0.51,-0.00,0.03,-3.50,0.74,-0.94|0.07,0.17,1.00,5.37,3.18,2.89|0.06,-0.31,0.37,-1.10,-4.01,3.02
0.50,-0.00,0.03,-3.98,1.05,-0.21|0.07,0.15,1.00,6.11,2.53,1.21|0.05,-0.34,0.35,1.02,-4.10,0.88
0.51,-0.00,0.03,-2.98,0.15,-0.27|0.07,0.16,1.00,6.63,3.88,0.98|0.06,-0.33,0.35,3.34,-4.56,-2.06
0.50,-0.00,0.03,-4.61,-1.08,0.04|0.07,0.15,1.00,6.84,3.34,1.87|0.06,-0.31,0.35,0.83,-6.53,1.37
0.51,-0.01,0.03,-4.25,-0.73,-0.82|0.06,0.16,1.00,3.34,3.24,-0.67|0.05,-0.33,0.36,0.01,-4.44,0.45
0.50,-0.01,0.03,-4.38,-2.15,-0.55|0.06,0.17,1.00,0.41,2.25,-0.47|0.05,-0.32,0.36,-2.08,-4.77,0.68
0.50,-0.01,0.03,-4.41,-0.35,-0.66|0.07,0.16,1.00,-2.88,2.24,2.27|0.05,-0.32,0.36,-4.27,-2.72,0.60
0.50,-0.00,0.04,-5.12,-1.80,-0.79|0.06,0.16,1.00,-4.59,2.63,-0.50|0.06,-0.31,0.36,-6.44,-2.95,3.52
0.50,-0.01,0.03,-5.02,-1.90,-0.80|0.07,0.17,1.00,-6.51,2.80,-0.06|0.05,-0.33,0.35,-5.66,-1.49,0.44
0.51,-0.01,0.03,-4.56,-3.79,-0.92|0.07,0.16,1.00,-8.17,4.53,0.95|0.05,-0.32,0.36,-5.44,-2.77,0.54
0.50,-0.00,0.03,-4.30,-0.40,-0.98|0.07,0.17,1.00,-9.15,3.79,2.15|0.05,-0.31,0.35,-5.23,-2.61,2.16
0.51,-0.00,0.03,-3.83,-2.37,-1.31|0.07,0.17,1.00,-9.63,3.80,-0.35|0.06,-0.32,0.35,-5.38,-1.24,0.44
0.51,-0.01,0.03,-4.63,-1.85,-0.69|0.07,0.17,1.00,-8.83,3.02,1.70|0.05,-0.32,0.35,-5.17,-3.21,2.32
0.50,-0.00,0.02,-4.80,0.58,-0.70|0.07,0.17,1.00,-7.36,2.25,0.53|0.05,-0.33,0.35,-4.15,-1.63,-0.85
0.50,-0.01,0.03,-4.79,-0.44,-0.73|0.07,0.17,1.00,-5.06,1.27,-1.21|0.05,-0.31,0.35,-3.74,-4.05,1.66
0.51,0.00,0.03,-5.85,-1.02,-0.66|0.07,0.17,1.00,-3.32,1.10,0.17|0.06,-0.33,0.35,-2.88,-2.18,0.31
0.51,-0.00,0.03,-6.41,-0.91,-1.24|0.07,0.17,1.00,-2.19,0.66,-2.89|0.06,-0.32,0.35,-2.27,-2.14,-0.82
0.50,-0.00,0.03,-6.36,-1.57,-1.17|0.07,0.16,1.00,-0.28,1.65,-0.72|0.05,-0.32,0.35,-2.60,-2.13,0.25
0.50,-0.01,0.03,-5.65,-0.98,-1.85|0.07,0.17,1.00,0.67,2.05,-0.47|0.05,-0.32,0.36,-3.91,-1.27,0.89
0.51,-0.01,0.03,-5.21,-1.50,-1.98|0.07,0.17,1.00,0.11,2.53,0.95|0.05,-0.32,0.35,-4.98,-1.68,1.92
0.51,-0.00,0.04,-4.62,-1.11,-1.79|0.07,0.17,1.00,-0.82,2.80,1.11|0.05,-0.31,0.36,-5.53,-0.09,2.18
0.50,-0.00,0.04,-4.33,-2.82,-1.79|0.07,0.16,1.00,-2.27,2.48,0.99|0.06,-0.32,0.35,-4.77,-0.60,2.25
0.51,-0.00,0.03,-3.75,0.60,-1.80|0.07,0.17,1.00,-3.89,1.67,1.82|0.05,-0.32,0.36,-4.40,-0.56,2.85
0.50,-0.00,0.03,-3.40,-1.27,-2.02|0.07,0.16,1.00,-4.57,2.05,0.38|0.06,-0.32,0.36,-3.88,-1.26,2.05
0.50,-0.00,0.03,-4.21,-1.79,-1.85|0.07,0.16,1.00,-4.30,2.01,2.54|0.05,-0.33,0.35,-3.24,-1.99,2.67
0.51,-0.00,0.02,-4.38,-0.29,-1.70|0.07,0.16,1.00,-3.86,1.85,0.65|0.05,-0.32,0.36,-2.83,-2.12,0.63
0.50,-0.00,0.03,-4.84,-1.72,-1.70|0.07,0.17,1.00,-3.10,1.98,-0.31|0.05,-0.32,0.35,-3.03,-2.43,1.08
0.51,0.00,0.03,-4.79,-1.17,-1.37|0.07,0.17,1.00,-4.07,1.55,0.66|0.05,-0.33,0.36,-1.99,-3.21,0.72
0.50,-0.00,0.03,-4.58,-2.06,-1.28|0.07,0.17,1.00,-4.40,2.26,-0.11|0.06,-0.31,0.35,-2.28,-3.44,1.27
0.51,-0.00,0.03,-4.82,-1.28,-1.60|0.07,0.17,1.00,-4.00,1.65,1.11|0.05,-0.32,0.36,-3.15,-0.01,-0.01
0.50,-0.00,0.03,-4.76,-1.58,-1.76|0.07,0.16,1.00,-2.95,2.46,-0.39|0.06,-0.32,0.35,-3.86,-2.81,1.82
0.51,-0.00,0.04,-5.08,-1.25,-1.46|0.07,0.17,1.00,-2.28,2.63,1.14|0.05,-0.32,0.35,-4.47,-1.69,0.53
0.51,-0.00,0.04,-4.77,-3.94,-2.10|0.07,0.16,1.00,-2.54,2.20,-0.54|0.05,-0.32,0.35,-4.79,-1.94,1.31
0.50,-0.01,0.02,-5.02,-3.11,-1.37|0.07,0.16,1.00,-2.03,1.80,0.75|0.05,-0.32,0.36,-4.55,-2.08,1.64
0.51,-0.00,0.04,-4.39,-0.26,-1.82|0.07,0.17,1.00,-2.95,1.42,0.67|0.06,-0.31,0.36,-5.02,-1.34,2.15
0.50,-0.00,0.03,-4.36,-0.73,-1.87|0.07,0.17,1.00,-2.95,1.76,-0.51|0.05,-0.32,0.36,-4.47,-0.61,0.79
0.50,-0.00,0.03,-4.39,-1.04,-2.03|0.06,0.17,1.00,-2.67,2.14,1.41|0.06,-0.31,0.36,-4.44,-3.15,3.23
0.51,-0.00,0.03,-4.75,0.56,-1.81|0.07,0.16,1.00,-3.20,2.21,0.66|0.05,-0.32,0.36,-4.02,-1.13,0.35
0.50,0.00,0.03,-4.82,-0.63,-1.78|0.07,0.16,1.00,-2.44,2.18,-0.21|0.06,-0.32,0.36,-3.92,-2.95,1.20
0.51,0.00,0.03,-5.38,-1.12,-1.46|0.07,0.16,1.00,-2.72,1.92,0.84|0.06,-0.32,0.35,-3.50,-2.42,1.78
0.50,-0.00,0.03,-5.12,-1.26,-1.89|0.06,0.17,1.00,-3.24,1.95,-0.67|0.05,-0.32,0.35,-2.97,-2.29,0.90
0.50,0.00,0.03,-4.81,-1.29,-1.69|0.07,0.16,1.00,-3.40,1.63,0.69|0.05,-0.32,0.36,-3.67,-1.29,0.55
0.51,-0.00,0.03,-4.98,-1.99,-1.85|0.07,0.17,1.00,-3.13,2.76,-0.15|0.05,-0.32,0.36,-4.02,-2.12,2.08
0.50,0.00,0.04,-4.91,-0.68,-1.65|0.07,0.17,1.00,-3.38,2.52,1.19|0.05,-0.32,0.36,-3.85,-2.05,1.35
0.50,-0.00,0.03,-5.44,-0.78,-1.49|0.07,0.17,1.00,-3.26,2.55,-0.74|0.04,-0.32,0.35,-3.74,-1.49,1.01
0.51,0.00,0.04,-5.79,-0.61,-1.34|0.07,0.17,1.00,-2.89,2.08,0.88|0.05,-0.32,0.35,-3.49,-1.40,0.72
0.50,0.00,0.04,-5.05,-3.40,-1.64|0.07,0.16,1.00,-2.96,1.95,-1.56|0.04,-0.32,0.36,-3.63,-1.74,1.40
0.51,0.00,0.04,-5.13,-0.90,-1.56|0.07,0.17,1.00,-3.60,1.45,1.71|0.05,-0.31,0.35,-4.16,-0.85,1.44
0.51,0.00,0.04,-5.04,-0.74,-1.98|0.07,0.16,1.00,-3.90,1.71,-1.27|0.05,-0.32,0.36,-3.66,-0.41,-0.63
0.50,0.00,0.03,-5.38,-0.97,-1.90|0.07,0.17,1.00,-3.37,1.79,0.84|0.05,-0.31,0.35,-3.60,-2.65,2.85
0.51,0.00,0.04,-5.56,-1.24,-1.92|0.07,0.17,1.00,-3.82,1.60,-0.66|0.04,-0.32,0.36,-3.33,-0.24,-0.57
0.50,0.00,0.04,-5.31,-0.85,-1.63|0.07,0.17,1.00,-3.89,1.60,0.12|0.05,-0.31,0.36,-3.60,-2.03,1.24
0.51,0.00,0.03,-5.14,-1.02,-1.95|0.08,0.16,1.00,-3.85,2.08,-0.83|0.05,-0.32,0.35,-3.61,-0.71,0.78
0.50,0.00,0.03,-4.63,-0.68,-1.79|0.07,0.17,1.00,-3.92,1.80,-0.04|0.05,-0.32,0.36,-3.66,-1.29,1.23
0.50,0.00,0.04,-4.52,-0.63,-1.66|0.08,0.17,1.00,-3.53,1.96,0.02|0.05,-0.32,0.35,-4.25,-1.27,1.44
0.51,0.00,0.03,-4.66,-1.48,-1.57|0.07,0.17,1.00,-3.21,2.46,0.31|0.04,-0.32,0.36,-4.24,-2.15,1.58
0.50,0.00,0.03,-4.11,-0.64,-1.59|0.08,0.16,1.00,-2.40,2.82,0.59|0.05,-0.32,0.36,-4.54,-2.33,1.55
0.50,0.00,0.04,-4.73,-2.47,-1.54|0.07,0.17,1.00,-2.01,2.53,0.50|0.05,-0.32,0.36,-4.31,-2.95,2.15
0.51,0.01,0.05,-5.02,1.81,-0.78|0.07,0.17,1.00,-2.01,2.82,0.93|0.05,-0.32,0.36,-4.26,-1.87,0.75
0.51,0.00,0.04,-3.89,-2.18,-0.94|0.07,0.17,1.00,-2.47,2.87,-0.27|0.04,-0.32,0.36,-3.82,-1.88,1.67
0.51,0.00,0.04,-3.79,-0.31,-0.98|0.07,0.17,1.00,-3.53,1.99,2.26|0.04,-0.31,0.36,-4.31,-3.02,3.60
0.50,0.00,0.04,-3.27,-1.39,-0.99|0.07,0.16,1.00,-3.54,2.32,0.30|0.06,-0.32,0.36,-4.17,-1.82,0.75
0.51,0.00,0.04,-4.05,-0.52,-0.63|0.07,0.17,1.00,-3.20,2.13,2.21|0.04,-0.33,0.36,-3.78,-2.27,2.18
0.50,0.00,0.04,-3.81,-0.53,-0.80|0.07,0.16,1.00,-2.54,2.05,-0.53|0.05,-0.31,0.36,-4.43,-2.31,1.02
0.51,0.01,0.04,-4.61,-1.75,-1.08|0.07,0.17,1.00,-2.82,2.63,1.58|0.05,-0.31,0.35,-4.24,-2.79,2.86
0.50,0.00,0.04,-4.27,-1.49,-1.44|0.07,0.17,1.00,-3.00,2.85,-0.11|0.05,-0.31,0.36,-3.01,-2.46,0.18
0.51,0.00,0.04,-4.02,-1.30,-1.45|0.07,0.17,1.00,-2.96,3.68,1.11|0.05,-0.32,0.35,-3.14,-3.62,1.82
0.51,0.00,0.03,-3.89,-0.60,-1.73|0.07,0.17,1.00,-3.94,2.49,-0.08|0.05,-0.31,0.36,-4.04,-3.47,2.62
0.51,0.00,0.04,-4.11,-1.02,-1.60|0.07,0.17,1.00,-3.74,2.68,0.56|0.05,-0.32,0.36,-3.71,-3.37,3.00
0.51,0.00,0.03,-4.08,-0.87,-1.63|0.07,0.17,1.00,-3.40,2.21,0.27|0.05,-0.32,0.36,-3.16,-2.75,2.13
0.50,0.00,0.04,-3.92,-0.45,-1.85|0.07,0.17,1.00,-3.16,2.17,-0.21|0.04,-0.32,0.36,-3.37,-2.55,3.65
0.50,0.00,0.02,-5.59,5.34,-1.52|0.07,0.16,1.00,-2.67,1.72,0.60|0.05,-0.32,0.36,-4.25,-2.95,2.49
0.51,0.01,0.06,-3.75,3.83,-1.52|0.07,0.17,1.00,-2.47,1.79,-1.34|0.04,-0.33,0.35,-3.68,-1.78,2.99
0.50,-0.00,0.03,-3.79,2.38,-1.62|0.08,0.17,1.00,-2.58,1.50,1.99|0.04,-0.33,0.36,-3.09,-0.75,0.03
0.50,0.00,0.04,-3.27,1.05,-0.59|0.06,0.17,1.00,-1.98,2.98,1.08|0.05,-0.31,0.36,-5.97,-3.46,3.14
0.50,0.01,0.05,-3.75,1.50,-0.93|0.07,0.16,1.00,-1.52,2.69,3.25|0.04,-0.33,0.36,-8.04,-1.72,3.58
0.50,-0.00,0.05,-3.71,-0.49,-0.73|0.07,0.17,1.00,-1.50,2.50,-1.88|0.05,-0.32,0.36,-7.21,-3.14,3.16
0.50,0.01,0.04,-3.78,-1.20,-0.87|0.07,0.18,1.00,-2.40,3.85,4.21|0.04,-0.33,0.35,-4.37,-2.84,2.50
0.50,0.00,0.05,-4.34,-1.76,-1.33|0.07,0.16,1.00,-3.64,3.33,0.03|0.04,-0.31,0.36,-3.14,-3.21,0.99
0.50,0.00,0.04,-4.89,-2.37,-1.70|0.07,0.17,1.00,-2.98,3.27,0.50|0.05,-0.31,0.36,-2.53,-3.48,2.85
0.52,0.00,0.06,-3.99,-2.50,-1.89|0.07,0.17,1.00,-3.54,3.66,0.73|0.04,-0.33,0.35,-2.43,-2.11,2.13
0.50,0.00,0.04,-5.35,-1.92,-2.06|0.07,0.16,1.00,-4.54,2.77,1.57|0.05,-0.30,0.36,-1.23,-1.31,-0.72
0.50,0.00,0.05,-4.48,-2.11,-1.94|0.08,0.17,1.00,-4.59,1.31,-0.50|0.04,-0.32,0.35,-2.09,-2.64,3.13
0.51,-0.00,0.05,-4.62,-1.16,-1.71|0.07,0.17,1.00,-5.06,1.47,2.00|0.04,-0.32,0.36,-3.21,-1.97,1.10
0.50,0.01,0.04,-4.45,-3.78,-1.46|0.07,0.16,1.00,-4.47,1.27,-1.17|0.05,-0.32,0.36,-3.77,-1.56,1.75
0.51,0.00,0.05,-3.40,-1.62,-1.50|0.07,0.16,1.00,-4.15,0.98,2.67|0.04,-0.31,0.36,-4.59,-0.52,1.28
0.50,0.00,0.04,-5.18,-1.86,-1.12|0.06,0.17,1.00,-4.81,1.95,-1.24|0.05,-0.33,0.36,-3.32,-1.11,-0.51
0.50,0.01,0.04,-4.65,-2.75,-1.86|0.07,0.17,1.00,-4.91,2.29,2.13|0.05,-0.31,0.36,-2.91,-4.38,3.98
0.51,0.01,0.05,-4.50,-2.43,-1.98|0.07,0.16,1.00,-4.79,3.00,0.45|0.05,-0.32,0.36,-2.66,0.49,-1.48
0.51,0.00,0.03,-4.74,-0.53,-2.15|0.07,0.17,1.00,-3.19,1.97,0.62|0.05,-0.31,0.36,-3.40,-2.45,2.38
0.51,0.01,0.04,-4.98,-1.28,-1.68|0.07,0.17,1.00,-2.76,2.76,-0.61|0.04,-0.32,0.35,-3.70,-1.04,1.82
0.50,0.00,0.04,-5.18,-3.60,-1.44|0.07,0.17,1.00,-3.25,2.38,2.04|0.04,-0.31,0.37,-3.86,-2.63,0.19
0.51,-0.00,0.05,-3.27,-3.04,-1.04|0.08,0.17,1.00,-3.33,2.19,1.01|0.04,-0.31,0.36,-4.83,-2.36,2.85
0.51,0.00,0.04,-3.21,-1.56,-0.92|0.06,0.16,1.00,-4.10,2.18,3.01|0.05,-0.32,0.36,-4.63,-0.26,-0.15
0.50,0.01,0.04,-3.97,-1.53,-0.72|0.06,0.17,1.00,-4.47,2.11,0.40|0.05,-0.32,0.35,-3.06,-2.76,2.99
0.50,0.01,0.04,-3.82,-2.65,-1.56|0.07,0.16,1.00,-3.17,2.50,0.34|0.05,-0.32,0.35,-3.76,0.42,0.73
0.50,0.00,0.03,-4.21,-3.87,-1.28|0.06,0.16,1.00,-1.16,3.56,0.44|0.05,-0.32,0.36,-3.34,-2.64,2.37
0.51,0.01,0.04,-3.90,-0.84,-1.46|0.07,0.17,1.00,-2.54,3.02,1.81|0.04,-0.32,0.35,-3.72,-1.90,2.09
0.50,0.00,0.04,-3.99,-2.19,-1.50|0.08,0.17,1.00,-2.76,3.18,-0.08|0.05,-0.31,0.36,-3.26,-0.75,-1.41
0.51,0.00,0.03,-4.44,-0.23,-1.18|0.07,0.16,1.00,-3.12,2.82,1.79|0.04,-0.32,0.36,-3.73,-2.98,2.95
0.50,0.00,0.04,-3.75,-0.64,-1.37|0.07,0.16,1.00,-3.24,2.25,0.33|0.05,-0.31,0.36,-5.00,-1.47,0.18
0.50,0.00,0.05,-3.83,1.15,-1.43|0.07,0.17,1.00,-2.89,1.91,1.73|0.05,-0.31,0.36,-5.63,-3.40,4.14
0.51,0.00,0.05,-3.32,4.85,-1.47|0.07,0.16,1.00,-4.16,1.33,-1.23|0.04,-0.32,0.36,-4.05,-1.98,1.67
0.49,0.01,0.02,-6.50,-2.24,-0.44|0.06,0.17,1.00,-4.05,0.76,0.86|0.05,-0.33,0.36,-1.89,-4.71,1.68
0.49,0.00,0.05,-4.98,-2.40,-1.08|0.06,0.16,1.00,-3.54,1.58,0.97|0.04,-0.31,0.36,-2.74,-0.30,-1.99
0.50,0.01,0.03,-5.07,-1.86,-2.31|0.07,0.17,1.00,-2.11,2.02,-0.78|0.04,-0.31,0.35,-5.27,-2.69,4.25
0.51,0.00,0.04,-4.63,-4.56,-2.11|0.07,0.17,1.00,-2.23,4.04,3.84|0.04,-0.31,0.36,-5.20,-1.02,1.05
0.51,0.01,0.05,-5.53,-2.18,-1.53|0.08,0.16,1.00,-2.79,3.71,1.34|0.05,-0.31,0.36,-4.34,-2.53,2.18
0.50,0.00,0.04,-4.87,-2.50,-1.55|0.07,0.17,1.00,-3.15,3.33,-0.53|0.04,-0.31,0.36,-4.75,-2.17,2.31
0.51,0.00,0.05,-4.48,-0.76,-1.45|0.07,0.16,1.00,-3.40,1.87,1.96|0.04,-0.32,0.36,-4.58,-1.76,2.16
0.50,0.00,0.04,-3.98,0.12,-1.46|0.08,0.17,1.00,-3.27,0.64,-1.35|0.05,-0.31,0.36,-4.09,-0.87,0.69
0.51,0.00,0.04,-5.08,-3.32,-1.69|0.06,0.17,1.00,-3.28,0.39,1.77|0.04,-0.32,0.35,-3.93,-2.45,2.49
0.50,0.01,0.04,-4.45,-1.30,-1.56|0.07,0.16,1.00,-4.16,1.02,0.96|0.04,-0.31,0.36,-3.35,-1.71,0.69
0.51,0.01,0.04,-5.14,-2.34,-1.60|0.08,0.16,1.00,-4.07,1.02,0.50|0.04,-0.32,0.36,-3.22,-2.19,0.61
0.50,0.01,0.04,-4.60,-1.48,-1.57|0.07,0.17,1.00,-3.30,1.92,0.24|0.04,-0.31,0.36,-3.60,-2.92,1.60
0.51,0.00,0.04,-4.92,-2.86,-1.44|0.07,0.17,1.00,-3.76,3.19,0.34|0.04,-0.32,0.36,-3.31,-1.88,-0.36
0.51,0.01,0.04,-4.59,-3.08,-1.13|0.07,0.16,1.00,-3.66,3.43,0.89|0.04,-0.31,0.36,-3.24,-2.85,0.99
0.51,0.00,0.05,-3.98,-2.14,-1.18|0.07,0.17,1.00,-3.16,3.58,-0.02|0.04,-0.32,0.36,-3.73,-0.77,-0.99
0.51,0.01,0.04,-4.18,-1.85,-1.09|0.07,0.17,1.00,-3.06,3.54,0.02|0.04,-0.31,0.36,-4.30,-3.15,1.69
0.50,0.01,0.03,-4.38,1.06,-0.79|0.08,0.16,1.00,-3.13,2.70,0.79|0.04,-0.31,0.36,-5.24,-2.80,2.04
0.51,0.01,0.04,-3.15,0.65,-1.07|0.07,0.18,1.00,-3.31,2.76,1.26|0.04,-0.31,0.36,-5.82,-3.69,4.49
0.50,0.01,0.03,-4.65,-0.27,-0.77|0.07,0.16,1.00,-3.40,1.79,1.01|0.05,-0.32,0.35,-4.89,-1.86,0.71
0.51,0.01,0.04,-4.10,-0.99,-1.41|0.07,0.18,1.00,-2.95,1.95,1.52|0.04,-0.31,0.36,-3.53,-3.73,2.28
0.51,0.01,0.04,-4.87,-0.01,-1.31|0.07,0.15,1.00,-1.92,0.93,0.85|0.05,-0.31,0.36,-3.76,-1.98,0.55
0.50,0.00,0.03,-4.21,-1.08,-1.67|0.07,0.17,1.00,-2.07,1.55,1.21|0.04,-0.32,0.36,-3.34,-0.89,0.79
0.50,0.01,0.04,-5.19,-1.50,-1.37|0.07,0.15,1.00,-2.79,1.87,0.08|0.04,-0.32,0.36,-3.21,-2.34,1.33
0.51,0.01,0.05,-4.60,-0.44,-1.13|0.07,0.17,1.00,-2.66,2.05,-0.13|0.04,-0.32,0.36,-3.39,-3.93,2.51
0.51,0.00,0.04,-4.67,-0.81,-1.28|0.07,0.16,1.00,-2.91,2.54,-1.13|0.05,-0.31,0.36,-3.85,-0.69,-1.06
0.51,0.01,0.04,-3.97,0.60,-0.59|0.07,0.17,1.00,-4.04,2.67,0.04|0.04,-0.32,0.36,-3.82,-3.37,2.46
0.50,-0.00,0.04,-3.82,-1.03,-0.62|0.07,0.16,1.00,-3.61,3.54,-0.60|0.04,-0.31,0.36,-4.71,-2.44,0.24
0.51,0.00,0.05,-5.07,0.02,0.18|0.06,0.16,1.00,-3.82,3.63,0.43|0.04,-0.32,0.36,-4.53,-4.44,3.24
0.51,-0.00,0.04,-4.61,-1.38,-0.24|0.07,0.16,1.00,-2.85,3.08,-2.21|0.04,-0.32,0.36,-4.11,-3.62,0.74
0.50,0.01,0.04,-4.61,-3.01,-1.73|0.07,0.17,1.00,-2.03,3.22,3.37|0.05,-0.31,0.36,-4.60,-3.11,3.21
0.51,0.00,0.05,-6.22,-3.21,-2.27|0.07,0.16,1.00,-1.37,2.80,-1.65|0.04,-0.33,0.36,-2.94,1.87,-3.64
0.50,0.01,0.04,-6.54,-2.09,-2.41|0.07,0.17,1.00,-1.89,1.15,-0.03|0.05,-0.31,0.36,-2.26,-2.47,1.53
0.51,0.00,0.06,-5.05,-0.95,-2.37|0.07,0.16,1.00,-2.55,1.02,0.47|0.04,-0.31,0.36,-4.76,0.66,-0.66
0.50,0.00,0.03,-4.87,-0.15,-2.11|0.07,0.17,1.00,-4.01,0.14,1.44|0.05,-0.32,0.36,-6.12,-0.89,1.56
0.51,0.00,0.06,-3.92,-0.97,-1.51|0.08,0.16,1.00,-3.76,0.55,0.72|0.04,-0.31,0.36,-6.60,-0.84,0.73
0.50,0.01,0.04,-4.16,-1.60,-1.34|0.07,0.17,1.00,-4.03,0.38,1.05|0.04,-0.32,0.37,-5.79,-3.20,3.01
0.50,0.01,0.04,-4.02,-1.31,-1.42|0.07,0.17,1.00,-3.73,1.19,-0.18|0.05,-0.31,0.37,-4.81,-2.67,1.85
0.51,0.01,0.05,-4.25,-1.80,-1.40|0.07,0.16,1.00,-2.77,2.74,0.95|0.05,-0.31,0.36,-3.56,-1.47,-0.04
0.50,0.01,0.04,-4.15,-1.21,-1.33|0.07,0.16,1.00,-2.23,3.04,0.42|0.04,-0.32,0.36,-3.50,-3.24,2.10
0.50,0.01,0.04,-5.08,-1.02,-0.66|0.07,0.16,1.00,-1.60,3.32,0.08|0.04,-0.32,0.36,-3.59,-3.29,1.66
0.51,0.01,0.05,-3.85,-0.91,-0.70|0.07,0.17,1.00,-2.30,3.47,1.48|0.04,-0.32,0.36,-3.21,-1.08,-0.16
0.50,0.01,0.03,-4.14,-1.47,-0.91|0.07,0.16,1.00,-2.75,3.02,-0.40|0.04,-0.32,0.35,-3.90,-3.08,1.53
0.51,0.01,0.04,-4.11,-1.05,-0.85|0.07,0.17,1.00,-2.16,3.05,1.15|0.05,-0.31,0.36,-3.95,-3.79,2.22
0.51,0.01,0.05,-3.80,-1.53,-1.00|0.07,0.17,1.00,-3.41,2.82,0.44|0.04,-0.32,0.36,-4.18,-2.27,0.95
0.50,0.01,0.04,-3.48,-1.69,-0.79|0.07,0.16,1.00,-3.79,3.09,2.22|0.04,-0.32,0.36,-4.40,-3.03,0.59
0.50,0.00,0.04,-4.11,-2.08,-0.51|0.07,0.17,1.00,-3.96,2.81,1.11|0.05,-0.31,0.36,-4.43,-3.84,3.25
0.51,0.01,0.04,-4.21,-1.41,-0.85|0.07,0.17,1.00,-4.32,2.79,0.39|0.04,-0.32,0.36,-3.24,-1.75,-0.03
0.50,0.01,0.04,-4.41,-1.73,-1.04|0.07,0.16,1.00,-3.85,2.85,0.51|0.04,-0.31,0.36,-3.18,-3.71,1.92
0.51,0.00,0.04,-4.70,-1.44,-1.26|0.07,0.16,1.00,-3.55,2.47,0.15|0.05,-0.32,0.36,-3.06,-1.22,0.05
0.50,0.01,0.04,-4.74,-2.15,-1.21|0.07,0.17,1.00,-3.13,2.60,0.42|0.05,-0.32,0.35,-2.80,-2.21,1.12
0.50,0.00,0.04,-5.00,-2.48,-1.44|0.07,0.17,1.00,-3.34,2.63,0.44|0.05,-0.32,0.36,-3.34,-1.37,-0.08
0.50,0.01,0.03,-5.01,-1.31,-1.01|0.07,0.16,1.00,-3.31,2.24,0.44|0.05,-0.31,0.36,-3.95,-3.33,2.02
0.51,0.00,0.04,-3.93,-1.49,-1.15|0.07,0.17,1.00,-4.25,1.96,1.08|0.04,-0.31,0.36,-4.42,-1.76,1.56
0.50,0.00,0.04,-3.96,-0.34,-1.68|0.07,0.16,1.00,-4.06,1.53,1.16|0.04,-0.32,0.36,-4.71,-2.60,1.85
0.50,0.01,0.04,-4.18,-0.17,-1.48|0.07,0.17,1.00,-2.66,1.85,0.73|0.05,-0.31,0.36,-4.56,-3.70,3.19
0.51,0.01,0.05,-4.21,0.12,-1.36|0.07,0.17,1.00,-2.60,1.58,0.59|0.04,-0.31,0.36,-4.50,-2.14,1.62
0.50,0.01,0.04,-4.20,1.54,-1.42|0.07,0.17,1.00,-1.21,1.54,-0.98|0.04,-0.32,0.36,-4.89,-2.47,2.21
0.51,0.01,0.05,-5.15,0.70,-1.34|0.07,0.17,1.00,-0.72,1.89,0.48|0.04,-0.32,0.36,-4.60,-3.28,2.81
0.51,0.00,0.04,-4.93,-0.45,-1.30|0.07,0.17,1.00,-1.29,2.08,-0.44|0.05,-0.31,0.36,-3.82,-1.46,-0.53
0.50,0.01,0.05,-4.75,-3.30,-1.44|0.07,0.17,1.00,-1.50,2.60,2.45|0.05,-0.32,0.36,-4.18,-2.34,0.79
0.51,0.00,0.04,-4.28,-4.35,-1.67|0.07,0.16,1.00,-2.39,2.83,1.82|0.04,-0.32,0.36,-4.73,-2.60,0.69
0.50,0.01,0.05,-3.08,-0.40,-2.02|0.07,0.17,1.00,-3.69,2.43,2.44|0.04,-0.32,0.36,-4.81,-2.89,2.56
0.50,0.00,0.04,-2.08,-0.32,-2.78|0.07,0.17,1.00,-4.33,1.75,2.13|0.04,-0.32,0.35,-5.27,-3.58,3.76
0.50,0.01,0.04,-4.07,-0.44,-1.61|0.07,0.17,1.00,-4.81,2.31,4.02|0.05,-0.32,0.36,-4.52,-1.95,2.02
0.51,0.01,0.04,-3.03,-1.27,-1.89|0.06,0.17,1.00,-4.72,0.93,1.01|0.05,-0.31,0.35,-3.76,-1.72,1.88
0.50,0.01,0.03,-4.08,-3.16,-2.30|0.06,0.17,1.00,-3.06,1.85,1.83|0.04,-0.32,0.35,-3.85,-0.95,1.24
0.51,0.00,0.05,-4.27,-2.47,-2.17|0.06,0.17,1.00,-1.00,2.09,2.53|0.04,-0.32,0.36,-3.69,-2.34,1.55
0.50,0.01,0.04,-5.17,-0.74,-1.89|0.07,0.16,1.00,-1.59,2.25,-0.51|0.04,-0.32,0.35,-3.37,-1.15,0.38
0.50,0.01,0.05,-5.12,-1.76,-1.60|0.07,0.16,1.00,-0.89,2.50,0.89|0.04,-0.32,0.36,-3.66,-1.37,0.85
0.51,0.01,0.05,-5.96,-1.84,-1.50|0.07,0.17,1.00,-2.54,2.59,0.10|0.05,-0.32,0.36,-2.99,-1.62,2.12
0.50,0.01,0.04,-5.51,-1.68,-1.75|0.07,0.17,1.00,-4.44,1.93,-0.47|0.04,-0.32,0.36,-3.05,-1.44,-0.20
0.50,0.01,0.04,-5.04,-2.21,-1.44|0.07,0.17,1.00,-4.73,2.23,0.73|0.04,-0.32,0.36,-4.03,-2.85,1.67
0.51,0.01,0.04,-4.73,-2.05,-1.30|0.07,0.16,1.00,-5.09,2.25,0.25|0.05,-0.31,0.36,-4.79,-2.37,0.92
0.50,0.01,0.04,-5.05,-1.85,-1.11|0.07,0.17,1.00,-5.02,2.02,-0.44|0.04,-0.32,0.36,-4.34,-1.98,0.18
0.50,0.01,0.04,-5.63,-1.66,-1.31|0.07,0.17,1.00,-4.06,2.21,-0.36|0.04,-0.31,0.36,-4.18,-1.93,-0.22
0.51,0.00,0.06,-6.04,-1.44,-1.04|0.07,0.17,1.00,-3.55,2.60,0.26|0.04,-0.32,0.36,-3.85,-1.66,0.11
0.50,0.01,0.04,-4.76,-2.93,-0.98|0.07,0.17,1.00,-3.31,2.47,-0.24|0.04,-0.32,0.35,-3.51,-2.21,0.67
0.51,0.01,0.04,-4.40,0.10,-1.24|0.07,0.17,1.00,-3.57,2.08,1.55|0.05,-0.31,0.36,-4.53,-1.54,0.95
0.50,0.01,0.04,-4.17,-1.18,-1.41|0.07,0.17,1.00,-2.92,2.70,-0.21|0.05,-0.32,0.36,-3.97,-1.19,0.06
0.51,0.01,0.04,-4.48,-1.39,-1.15|0.07,0.17,1.00,-2.56,2.40,0.95|0.04,-0.32,0.35,-3.50,-3.33,2.22
0.50,0.01,0.03,-4.47,-1.10,-1.11|0.07,0.17,1.00,-2.71,2.01,0.98|0.05,-0.31,0.36,-3.74,-1.86,0.57
0.50,0.01,0.04,-4.28,-1.95,-1.39|0.07,0.17,1.00,-2.85,2.29,0.76|0.04,-0.32,0.35,-3.94,-2.42,1.92
0.51,0.01,0.04,-4.52,-1.88,-1.15|0.07,0.16,1.00,-3.50,2.28,0.95|0.05,-0.32,0.35,-3.37,-2.58,1.41
0.51,0.01,0.04,-4.64,-2.02,-1.24|0.07,0.17,1.00,-3.04,2.56,1.05|0.05,-0.31,0.35,-3.23,-3.11,1.44
0.51,0.01,0.04,-4.45,-1.41,-1.40|0.07,0.16,1.00,-3.36,2.46,0.37|0.05,-0.32,0.36,-3.67,-2.06,1.30
0.50,0.01,0.04,-4.64,-1.63,-1.17|0.07,0.16,1.00,-3.55,2.60,0.05|0.05,-0.32,0.36,-3.95,-2.71,1.33
0.50,0.01,0.04,-4.60,-1.02,-1.44|0.07,0.16,1.00,-3.54,2.73,1.27|0.04,-0.32,0.36,-4.07,-2.40,0.92
0.50,0.01,-0.00,-0.01,-0.01,-0.01|0.07,0.17,1.00,-3.73,2.27,-0.40|0.04,-0.32,0.36,-3.70,-2.30,1.04
0.51,0.01,0.04,-5.17,-3.45,-1.69|0.07,0.16,1.00,-3.69,2.05,0.64|0.05,-0.32,0.35,-3.44,-1.76,0.47
0.50,0.01,0.02,-5.48,-2.24,-1.15|0.07,0.16,1.00,-3.35,1.63,-0.16|0.04,-0.32,0.36,-3.61,-2.39,0.83
0.51,0.01,0.04,-4.82,0.20,-1.33|0.07,0.18,1.00,-3.97,1.15,0.91|0.04,-0.31,0.36,-4.27,-1.40,0.84
0.50,0.01,0.04,-4.88,-2.17,-1.52|0.07,0.16,1.00,-3.49,1.45,-0.65|0.05,-0.32,0.35,-4.39,-1.05,-0.82
0.50,0.01,0.04,-5.18,-1.47,-1.11|0.07,0.16,1.00,-2.50,1.86,0.97|0.05,-0.32,0.37,-4.37,-3.28,2.44
0.51,0.00,0.04,-5.36,0.01,-0.82|0.07,0.17,1.00,-2.68,2.52,-1.57|0.04,-0.31,0.36,-4.48,-0.75,-1.18
0.50,0.01,0.04,-4.39,-0.90,-0.78|0.07,0.16,1.00,-2.67,2.34,0.31|0.05,-0.32,0.36,-4.61,-2.73,1.42
0.50,0.01,0.04,-4.85,-1.34,-0.66|0.06,0.17,1.00,-2.93,2.63,-0.15|0.05,-0.32,0.37,-4.80,-2.76,2.01
0.50,0.00,0.04,-4.67,-1.50,-0.55|0.07,0.17,1.00,-2.93,2.96,0.48|0.04,-0.31,0.36,-4.09,-2.05,-0.05
0.50,0.01,0.04,-4.47,-1.56,-0.73|0.07,0.16,1.00,-2.79,3.25,-0.09|0.04,-0.31,0.36,-4.44,-2.11,1.25
0.51,0.01,0.04,-4.56,-1.35,-0.84|0.07,0.17,1.00,-3.19,3.21,0.43|0.04,-0.32,0.36,-4.35,-3.66,1.87
0.50,0.01,0.04,-4.58,-1.12,-1.26|0.07,0.16,1.00,-3.41,2.93,-0.08|0.05,-0.32,0.35,-3.47,-2.71,0.76
0.50,0.01,0.04,-5.38,-0.88,-1.47|0.07,0.17,1.00,-2.76,2.84,0.12|0.04,-0.32,0.35,-3.12,-2.67,0.29
0.51,0.00,0.04,-5.18,0.56,-1.79|0.07,0.17,1.00,-2.82,2.35,-0.63|0.04,-0.32,0.36,-3.18,-1.31,0.38
0.50,0.00,0.04,-5.42,-2.73,-1.85|0.07,0.17,1.00,-3.54,2.28,0.44|0.04,-0.32,0.35,-3.81,-1.67,0.49
0.50,0.01,0.02,-5.62,-1.95,-1.25|0.07,0.16,1.00,-3.39,1.40,0.77|0.05,-0.32,0.36,-4.04,-1.75,1.16
0.51,0.01,0.04,-4.83,0.40,-1.33|0.06,0.17,1.00,-4.00,0.89,0.15|0.04,-0.32,0.36,-4.06,-0.09,-0.49
0.50,0.00,0.04,-4.89,-2.53,-1.47|0.07,0.16,1.00,-3.63,1.02,-0.18|0.05,-0.32,0.35,-4.47,-0.35,0.08
0.51,0.00,0.04,-5.51,-2.21,-1.50|0.06,0.17,1.00,-3.25,1.13,-0.34|0.05,-0.32,0.36,-3.95,-2.14,1.82
0.51,0.01,0.04,-6.02,-0.27,-1.28|0.06,0.16,1.00,-3.32,1.47,-1.59|0.04,-0.31,0.36,-3.69,-0.65,-0.18
0.50,0.00,0.05,-5.21,-1.01,-1.56|0.07,0.17,1.00,-2.80,2.46,-0.93|0.04,-0.31,0.36,-4.53,-2.74,2.90
0.51,0.01,0.05,-5.94,-0.20,-0.93|0.07,0.17,1.00,-3.41,2.21,-2.21|0.05,-0.32,0.36,-4.73,-3.05,2.66
0.51,0.01,0.04,-5.40,0.31,-0.96|0.07,0.17,1.00,-2.72,2.21,-1.01|0.05,-0.31,0.36,-4.41,-2.63,1.24
0.50,0.00,0.04,-4.84,0.12,-1.82|0.07,0.18,1.00,-2.00,1.86,0.56|0.04,-0.31,0.36,-4.79,-2.35,1.53
0.51,0.00,0.05,-3.53,-0.87,-1.95|0.07,0.17,1.00,-2.97,1.28,1.26|0.04,-0.32,0.36,-4.34,-1.92,0.92
0.51,0.01,0.04,-3.34,-1.69,-1.71|0.07,0.17,1.00,-2.61,1.38,2.24|0.04,-0.32,0.36,-4.03,-2.73,1.96
0.50,0.01,0.04,-3.46,-3.02,-2.09|0.07,0.16,1.00,-1.52,1.73,1.75|0.05,-0.31,0.36,-5.05,-2.70,2.50
0.51,0.01,0.04,-3.40,-1.09,-2.07|0.07,0.17,1.00,-2.05,1.85,1.85|0.05,-0.32,0.36,-3.72,-1.47,0.81
0.50,0.01,0.04,-3.81,-0.85,-1.85|0.07,0.16,1.00,-1.76,2.61,0.71|0.04,-0.30,0.36,-4.90,-3.62,4.61
0.51,0.00,0.04,-4.01,1.18,-1.50|0.07,0.17,1.00,-1.70,3.53,0.69|0.04,-0.32,0.36,-4.44,-0.60,1.60
0.51,0.01,0.05,-4.64,-3.22,-1.22|0.07,0.16,1.00,-2.78,3.52,-0.74|0.05,-0.32,0.35,-3.44,-2.11,2.36
0.51,0.01,0.04,-5.38,-1.56,-1.39|0.07,0.17,1.00,-3.53,2.90,1.17|0.04,-0.31,0.36,-3.39,-1.88,1.71
0.50,0.01,0.04,-5.56,-0.28,-1.17|0.06,0.16,1.00,-3.44,2.27,-3.59|0.05,-0.32,0.36,-2.54,-1.05,-0.95
0.50,0.01,0.04,-6.21,-1.53,-0.60|0.07,0.18,1.00,-2.93,1.95,-0.48|0.05,-0.32,0.35,-3.47,-1.85,0.93
0.51,0.01,0.04,-5.98,-1.69,-0.61|0.07,0.17,1.00,-3.48,1.81,-0.94|0.05,-0.31,0.36,-5.05,-1.14,-1.18
0.50,0.01,0.04,-5.34,-1.82,-0.94|0.07,0.17,1.00,-3.06,2.33,0.41|0.04,-0.32,0.36,-6.06,-2.74,1.32
0.50,0.01,0.04,-5.56,-0.89,-0.64|0.07,0.17,1.00,-3.38,2.19,0.30|0.04,-0.32,0.36,-5.67,-1.86,0.40
0.50,0.01,0.04,-5.49,-0.82,-0.74|0.07,0.17,1.00,-3.72,2.60,-1.37|0.04,-0.32,0.36,-5.47,-1.88,0.87
0.50,0.00,0.05,-5.03,-1.79,-1.17|0.07,0.17,1.00,-2.78,2.78,0.98|0.04,-0.31,0.36,-5.15,-1.45,0.12
0.51,0.01,0.04,-4.99,-1.82,-1.15|0.07,0.17,1.00,-2.81,2.86,-0.24|0.05,-0.32,0.36,-4.24,-2.47,1.63
0.50,0.01,0.05,-4.85,-1.94,-1.19|0.07,0.17,1.00,-2.35,2.95,0.94|0.05,-0.32,0.36,-3.53,-1.92,0.24
0.50,0.01,0.04,-4.42,-1.79,-1.06|0.07,0.17,1.00,-2.64,2.98,1.21|0.04,-0.32,0.36,-3.59,-2.85,1.39
0.51,0.00,0.06,-3.20,-1.67,-1.13|0.07,0.17,1.00,-3.16,2.81,1.82|0.04,-0.32,0.36,-3.47,-2.80,0.75
0.50,0.01,0.04,-3.37,-3.47,-1.06|0.06,0.17,1.00,-4.15,2.85,2.48|0.04,-0.33,0.36,-2.75,-2.95,1.45
0.50,0.01,0.04,-4.08,-3.74,-0.48|0.06,0.16,1.00,-3.96,3.05,3.23|0.04,-0.32,0.36,-2.73,-3.46,0.50
0.51,0.01,0.04,-3.77,-4.31,-0.26|0.07,0.17,1.00,-4.98,3.30,1.59|0.05,-0.32,0.36,-1.58,-1.76,0.33
0.50,0.01,0.03,-3.85,-4.99,-0.82|0.07,0.17,1.00,-5.40,3.50,2.52|0.05,-0.32,0.35,-0.95,-1.87,-2.39
0.51,0.00,0.04,-4.60,-6.53,-0.74|0.07,0.17,1.00,-5.19,3.95,3.62|0.05,-0.32,0.36,-1.18,-1.97,-1.75
0.51,0.01,0.04,-4.56,-5.13,-0.85|0.07,0.17,1.00,-5.80,2.98,2.87|0.05,-0.32,0.36,-1.08,-0.08,-2.90
0.49,0.01,0.03,-4.95,-7.62,-1.34|0.07,0.16,1.00,-4.75,2.02,3.53|0.04,-0.32,0.36,-1.40,0.71,-4.28
0.51,0.01,0.04,-4.62,-7.47,-1.39|0.07,0.17,1.00,-4.57,2.16,4.19|0.03,-0.31,0.36,-1.22,1.71,-3.66
0.51,0.01,0.03,-4.69,-5.76,-1.32|0.07,0.15,1.00,-4.81,1.73,1.71|0.04,-0.31,0.38,0.05,0.08,-3.49
0.50,0.01,0.02,-3.66,-6.70,-1.58|0.07,0.16,1.00,-3.40,3.86,2.94|0.04,-0.29,0.37,-1.48,-2.98,0.54
0.50,0.01,0.03,-2.79,-3.36,-0.85|0.07,0.15,1.00,-4.37,4.15,3.08|0.03,-0.30,0.36,-2.77,-3.26,1.25
0.51,0.01,0.02,-2.23,-1.28,-0.03|0.07,0.15,1.00,-4.79,3.69,0.55|0.04,-0.29,0.37,-3.15,-5.95,3.71
0.50,0.01,0.02,-2.78,1.07,-0.05|0.08,0.15,1.00,-4.15,4.05,2.10|0.04,-0.31,0.36,-3.05,-5.96,5.94
0.51,0.01,0.02,-1.76,0.29,-1.15|0.08,0.16,1.00,-4.79,4.11,0.55|0.06,-0.29,0.38,-3.35,1.89,-4.08
0.51,0.00,0.03,-0.86,-0.11,-1.34|0.07,0.17,1.00,-6.74,2.83,0.69|0.05,-0.31,0.37,-1.02,-4.08,3.48
0.50,0.01,0.03,1.66,-2.04,-2.08|0.07,0.18,1.00,-8.84,2.76,3.85|0.03,-0.32,0.35,0.20,-6.61,4.73
0.50,0.00,0.02,2.01,-1.03,-1.83|0.07,0.16,1.00,-9.21,2.53,5.77|0.05,-0.29,0.39,0.85,-8.33,4.40
0.50,0.01,0.03,2.77,5.26,-2.53|0.07,0.17,1.00,-6.37,2.53,7.56|0.05,-0.30,0.36,-1.60,-10.86,11.31
0.50,0.00,0.03,2.20,3.12,-2.14|0.07,0.16,1.00,-2.23,3.85,6.10|0.04,-0.32,0.36,-2.45,-7.80,6.14
0.50,0.01,0.03,0.87,-0.88,-1.46|0.07,0.17,1.00,1.20,5.68,8.69|0.05,-0.31,0.37,-2.48,-6.20,5.22
0.50,0.00,0.03,3.03,-0.97,-1.53|0.06,0.16,1.00,4.55,7.69,9.05|0.05,-0.30,0.36,-2.91,-4.68,3.34
0.51,0.01,0.04,3.57,-3.02,-0.76|0.06,0.16,1.00,4.65,10.05,12.56|0.03,-0.29,0.37,-4.44,-16.63,23.61
0.51,-0.01,0.04,4.88,-0.58,-0.52|0.06,0.16,1.00,1.28,7.98,10.74|0.05,-0.30,0.39,-8.78,-5.62,9.46
0.51,-0.02,0.04,5.75,-0.60,1.15|0.05,0.16,1.00,-0.81,7.31,10.73|0.05,-0.32,0.36,-8.44,-14.18,16.44
0.52,-0.02,0.04,7.26,-0.05,2.36|0.05,0.17,1.00,-2.11,6.22,13.00|0.08,-0.30,0.41,-10.09,-2.73,4.98
0.50,-0.02,0.04,9.85,-2.11,2.76|0.05,0.16,1.00,-2.98,4.27,9.24|0.11,-0.29,0.38,-8.08,-14.14,13.76
0.51,-0.03,0.05,9.13,-1.77,3.05|0.04,0.18,1.00,-3.92,6.40,14.89|0.09,-0.32,0.34,-6.53,-16.01,18.51
0.52,-0.02,0.05,5.54,0.93,2.19|0.02,0.16,1.00,-5.71,3.69,13.05|0.06,-0.34,0.35,0.87,-13.72,4.06
0.51,-0.01,0.06,0.52,6.80,0.33|0.04,0.15,1.00,-3.77,0.10,3.60|0.08,-0.31,0.34,3.24,-15.75,9.62
0.49,-0.02,0.03,-2.27,5.29,-2.08|0.05,0.14,1.00,2.28,-0.43,-4.55|0.08,-0.30,0.33,3.42,-11.38,10.85
0.53,-0.03,0.03,-5.82,4.56,-1.31|0.04,0.17,1.00,5.44,3.06,-2.30|0.05,-0.35,0.35,5.18,-9.31,6.00
0.52,-0.01,0.05,-3.56,0.08,-3.13|0.05,0.17,1.00,2.30,2.66,0.97|0.07,-0.32,0.38,4.14,-8.37,0.86
0.47,-0.01,0.03,-0.08,-1.11,-5.33|0.06,0.16,1.00,0.95,5.06,0.92|0.07,-0.28,0.34,-5.44,-7.44,5.19
0.49,-0.01,0.04,0.14,1.56,-5.97|0.06,0.17,1.00,3.24,5.36,11.98|0.04,-0.30,0.35,-12.99,7.04,-0.49
0.52,-0.00,0.07,0.98,4.79,-7.07|0.06,0.16,1.00,-1.67,2.57,4.83|0.04,-0.32,0.37,-15.66,-3.36,11.35
0.51,0.01,0.05,-2.98,7.19,-5.68|0.07,0.17,1.00,-1.96,-1.11,-1.38|0.05,-0.30,0.36,-14.32,-0.40,12.16
0.50,0.02,0.06,-7.30,12.76,-5.74|0.08,0.15,1.00,0.98,-2.93,-1.50|0.03,-0.33,0.34,-10.95,12.97,1.92
0.51,0.01,0.02,-5.53,12.05,-6.40|0.09,0.18,1.00,0.74,-3.12,-8.29|0.03,-0.34,0.40,-3.53,18.03,-2.70
0.50,0.03,0.05,-6.22,-3.26,-7.25|0.08,0.19,1.00,-0.98,1.09,12.26|0.05,-0.35,0.33,0.11,22.08,-10.73
0.48,0.03,0.06,-12.61,-10.46,-8.05|0.08,0.14,1.00,-0.60,2.71,14.19|0.02,-0.28,0.32,-3.16,23.27,-30.31
0.50,0.02,0.09,-17.77,-19.29,-7.66|0.08,0.11,1.00,0.10,-5.06,-4.76|0.02,-0.26,0.36,-5.89,8.14,-9.91
0.52,0.02,0.07,-23.71,-14.92,-6.62|0.07,0.15,1.00,-0.42,-9.51,-19.40|0.01,-0.29,0.36,-9.67,-1.50,0.40
0.51,0.03,0.04,-21.03,-12.82,-7.64|0.08,0.16,1.00,-2.95,-9.75,-21.29|0.02,-0.31,0.40,-5.37,-7.83,11.06
0.51,0.03,0.04,-19.27,-12.87,-8.21|0.09,0.18,1.00,-7.35,-6.29,-12.84|0.03,-0.35,0.36,-3.04,1.76,8.18
0.48,0.03,0.03,-21.47,-14.05,-6.37|0.08,0.16,1.00,-12.89,-5.18,-6.05|0.03,-0.32,0.34,0.89,22.21,-21.45
0.49,0.02,0.02,-20.83,-18.57,-5.09|0.08,0.15,1.00,-17.76,-8.55,-12.72|0.02,-0.30,0.37,4.20,20.74,-15.79
0.50,0.03,0.01,-20.43,-16.37,-3.45|0.09,0.16,1.00,-18.65,-9.82,-14.02|0.03,-0.31,0.37,5.89,17.18,-14.41
0.51,0.03,0.01,-17.35,-19.17,-1.08|0.09,0.17,1.00,-18.04,-5.33,-9.11|0.03,-0.31,0.38,4.82,15.02,-17.17
0.50,0.04,0.01,-14.19,-16.48,-0.24|0.10,0.17,1.00,-18.09,-2.08,-3.68|0.03,-0.28,0.40,-0.27,13.21,-21.95
0.51,0.06,0.01,-11.02,-14.03,1.16|0.11,0.16,1.00,-19.42,0.57,4.22|0.02,-0.29,0.39,-5.37,3.67,-11.64
0.51,0.07,0.01,-6.71,-8.22,0.44|0.12,0.15,1.00,-19.59,3.49,-0.78|0.01,-0.30,0.37,-5.89,-6.32,-11.43
0.52,0.06,0.02,-1.73,2.22,1.41|0.12,0.15,1.00,-15.58,5.14,-0.41|0.02,-0.30,0.40,-2.96,-22.35,-8.32
0.50,0.03,0.02,9.25,7.11,0.37|0.13,0.17,1.00,-7.61,6.07,-3.63|0.02,-0.28,0.38,-3.56,-31.76,1.20
0.53,0.05,0.01,11.81,15.74,1.92|0.11,0.21,1.00,-5.45,8.27,7.29|0.01,-0.28,0.40,-10.15,-32.08,9.66
0.51,0.02,0.01,6.60,13.05,2.86|0.09,0.16,1.00,-3.90,3.14,6.94|0.03,-0.30,0.41,-9.82,-35.27,28.27
0.48,0.03,0.01,1.65,5.97,6.14|0.09,0.14,1.00,4.79,-1.18,-0.41|0.04,-0.30,0.32,-8.22,-20.56,25.88
0.50,0.04,0.02,-1.18,4.15,1.85|0.08,0.16,1.00,13.33,3.47,2.07|0.03,-0.34,0.29,-2.70,0.81,7.68
0.50,0.02,0.03,-1.54,1.63,0.24|0.08,0.15,1.00,19.12,5.97,-0.37|0.03,-0.32,0.37,3.15,1.09,0.07
0.50,0.00,0.01,-1.26,6.50,0.65|0.08,0.16,1.00,21.24,9.24,1.82|0.04,-0.29,0.38,5.07,-10.11,16.56
0.51,0.00,0.04,4.43,6.63,-0.35|0.07,0.17,1.00,19.01,10.60,6.82|0.08,-0.31,0.37,0.73,-11.12,18.76
0.50,0.00,0.03,5.15,3.06,-0.63|0.08,0.18,1.00,11.70,11.69,10.43|0.07,-0.33,0.37,-5.73,-4.52,8.56
0.51,0.01,0.02,2.82,0.53,0.37|0.07,0.17,1.00,3.27,9.59,12.76|0.06,-0.32,0.36,-6.43,-2.61,6.55
0.51,0.02,0.03,0.75,-4.36,0.20|0.07,0.16,1.00,-2.77,5.82,9.44|0.05,-0.33,0.36,-4.53,-3.92,3.72
0.49,-0.00,0.02,5.11,-4.82,-2.15|0.08,0.15,1.00,-3.91,4.47,9.29|0.06,-0.31,0.34,-6.25,-2.90,3.11
0.49,-0.00,0.06,5.32,-7.43,-1.54|0.07,0.17,1.00,-5.08,6.63,11.95|0.06,-0.29,0.35,-7.66,-5.46,4.69
0.50,-0.02,0.04,3.78,5.73,1.27|0.06,0.14,1.00,-8.56,0.66,12.61|0.06,-0.32,0.37,-8.73,-9.08,12.37
0.53,0.01,0.04,2.99,3.82,2.03|0.06,0.18,1.00,-15.98,-3.58,-9.29|0.07,-0.35,0.36,-7.92,-5.24,9.79
0.50,0.02,0.04,-1.31,5.56,0.50|0.07,0.18,1.00,-17.11,-2.53,4.89|0.06,-0.31,0.34,-6.83,-4.60,-0.30
0.50,0.01,0.05,-0.22,3.10,-1.05|0.09,0.13,1.00,-9.77,3.11,-0.75|0.05,-0.30,0.33,-7.37,-7.66,1.45
0.51,0.03,0.03,-4.74,-1.08,-1.66|0.08,0.18,1.00,-4.92,3.95,4.39|0.05,-0.31,0.40,-6.14,-10.28,6.08
0.51,0.02,0.05,-8.60,-1.85,-1.44|0.08,0.15,1.00,-2.18,3.37,-6.76|0.04,-0.33,0.34,-2.78,-5.40,0.02
0.50,0.01,0.05,-10.04,-2.69,-0.50|0.08,0.16,1.00,1.99,4.47,-2.79|0.05,-0.31,0.36,-1.19,1.84,-8.04
0.51,0.01,0.05,-8.76,-2.11,-1.03|0.08,0.16,1.00,2.50,3.09,-5.75|0.05,-0.29,0.37,-3.07,0.66,-1.10
0.51,0.01,0.04,-9.63,-2.34,-0.78|0.08,0.17,1.00,1.06,2.39,-6.18|0.05,-0.32,0.37,-2.73,-0.44,1.17
0.51,0.01,0.04,-8.66,-0.04,0.04|0.08,0.17,1.00,-1.27,1.47,-3.58|0.05,-0.32,0.35,-2.18,0.19,0.33
0.50,0.01,0.02,-7.70,0.05,-0.12|0.08,0.16,1.00,-1.47,1.04,-7.11|0.06,-0.29,0.37,-4.84,1.25,-1.69
0.51,0.00,0.04,-7.27,-2.23,0.21|0.08,0.17,1.00,-3.17,1.00,-2.60|0.07,-0.32,0.36,-5.07,-0.87,2.81
0.50,0.00,0.03,-5.95,-1.35,0.75|0.07,0.17,0.99,-4.05,-85.20,-49.55|0.06,-0.32,0.35,-6.25,-1.18,-1.93
0.50,0.01,0.02,-6.67,-0.95,0.85|0.07,0.17,1.00,-6.59,2.11,-0.16|0.07,-0.31,0.37,-5.81,-3.30,-1.84
0.51,0.01,0.04,-6.22,-0.58,0.45|0.07,0.15,1.00,-5.15,2.76,-2.89|0.06,-0.30,0.35,-6.22,-5.26,0.04
0.50,0.00,0.04,-6.18,3.14,1.16|0.07,0.16,1.00,-3.99,3.50,-3.63|0.06,-0.31,0.36,-5.69,-4.75,-1.70
0.51,0.00,0.04,-7.16,1.59,0.51|0.07,0.17,1.00,-5.52,3.21,-4.80|0.06,-0.31,0.36,-4.15,-4.94,-0.31
0.50,0.00,0.02,-4.67,1.01,-0.34|0.07,0.17,1.00,-6.02,3.96,-1.80|0.05,-0.30,0.36,-4.40,-4.24,-0.70
0.50,0.00,0.03,-6.24,-0.93,-0.25|0.07,0.17,1.00,-5.27,4.70,2.74|0.06,-0.31,0.36,-4.32,-2.82,-0.60
0.50,0.00,0.04,-5.68,-4.05,-0.15|0.07,0.16,1.00,-3.79,2.93,-1.36|0.06,-0.31,0.36,-3.74,-1.48,-0.25
0.50,0.00,0.03,-6.40,-1.11,-0.56|0.07,0.17,1.00,-2.74,1.25,-1.40|0.06,-0.32,0.35,-3.55,-0.02,0.03
0.50,0.00,0.04,-5.92,-2.40,-1.49|0.06,0.17,1.00,-1.80,1.89,-0.77|0.06,-0.31,0.36,-3.21,-0.18,0.68
0.51,-0.00,0.04,-6.01,-0.27,-1.77|0.07,0.16,1.00,-1.83,1.83,-0.34|0.06,-0.31,0.35,-3.69,-2.15,3.68
0.51,-0.00,0.05,-5.72,-0.53,-1.57|0.07,0.17,1.00,-2.65,1.70,0.01|0.06,-0.31,0.36,-4.67,-1.47,3.77
0.51,-0.00,0.04,-5.35,-0.98,-2.28|0.07,0.16,1.00,-2.92,0.83,0.73|0.06,-0.32,0.35,-4.44,-0.63,3.00
0.51,0.00,0.04,-5.36,0.62,-2.53|0.07,0.17,1.00,-2.66,0.89,-0.50|0.06,-0.32,0.35,-4.03,-1.14,1.20
0.51,0.00,0.04,-4.90,1.12,-2.97|0.07,0.17,1.00,-2.23,0.76,0.62|0.07,-0.32,0.36,-4.89,-2.77,2.48
0.50,0.00,0.05,-5.57,0.00,-2.71|0.07,0.16,1.00,-1.80,1.17,-0.40|0.06,-0.31,0.36,-5.83,-2.44,1.37
0.51,0.01,0.05,-6.28,-0.60,-2.81|0.07,0.17,1.00,-1.76,1.32,0.80|0.05,-0.33,0.36,-4.82,-1.31,0.51
0.50,0.01,0.05,-6.92,-0.55,-2.58|0.07,0.16,1.00,-1.41,1.17,-2.70|0.05,-0.31,0.36,-3.68,-1.30,-1.69
0.50,0.01,0.04,-9.08,-1.24,-2.67|0.07,0.17,1.00,-1.31,1.21,-3.41|0.05,-0.32,0.35,-2.37,-0.34,-0.44
0.50,0.01,0.03,-9.95,-0.11,-2.43|0.08,0.16,1.00,-1.66,0.24,-4.18|0.04,-0.31,0.36,-2.30,1.21,-2.48
0.51,0.01,0.06,-9.53,-1.80,-2.34|0.07,0.18,1.00,-3.07,0.49,-3.98|0.06,-0.30,0.36,-2.83,2.76,-1.56
0.50,0.01,0.04,-9.18,-0.86,-2.13|0.08,0.16,1.00,-4.53,-0.24,-3.76|0.05,-0.32,0.35,-3.63,3.66,-1.03
0.51,0.01,0.05,-9.60,-2.36,-1.49|0.07,0.18,1.00,-5.56,0.75,-4.56|0.05,-0.31,0.36,-2.95,2.65,-0.78
0.50,0.01,0.05,-7.73,-0.83,-1.39|0.07,0.17,1.00,-6.47,0.31,-1.27|0.05,-0.31,0.36,-3.33,3.27,-2.15
0.50,0.01,0.05,-6.17,-1.46,-1.44|0.07,0.18,1.00,-7.23,1.86,-1.88|0.06,-0.32,0.37,-3.97,2.37,-0.75
0.51,0.01,0.04,-6.66,-2.33,-0.76|0.07,0.16,1.00,-6.25,1.49,-2.18|0.05,-0.32,0.36,-2.89,0.62,-0.34
0.51,0.01,0.04,-6.69,-4.30,-0.69|0.08,0.18,1.00,-6.25,2.07,-1.76|0.05,-0.32,0.36,-1.80,2.83,-3.92
0.50,0.01,0.03,-5.98,-5.53,-0.94|0.08,0.17,1.00,-6.08,3.77,0.49|0.05,-0.31,0.36,-1.04,3.36,-6.66
0.51,0.00,0.05,-5.79,-4.82,-0.08|0.07,0.16,1.00,-5.83,4.18,3.41|0.04,-0.31,0.35,-1.26,2.83,-3.79
0.51,0.01,0.04,-4.59,-3.23,-0.54|0.07,0.16,1.00,-5.15,3.46,-2.57|0.05,-0.28,0.38,-2.24,3.06,-6.60
0.50,0.01,0.05,-5.64,-2.08,-0.08|0.07,0.16,1.00,-5.46,3.08,3.02|0.05,-0.31,0.36,-3.28,-1.82,2.56
0.51,0.01,0.05,-4.99,-3.50,-0.34|0.07,0.16,1.00,-6.02,4.28,-0.42|0.05,-0.31,0.36,-2.61,-1.92,0.96
0.51,0.00,0.03,-3.62,-2.53,-0.74|0.07,0.16,1.00,-5.08,3.08,1.69|0.05,-0.32,0.37,-0.71,-3.18,0.98
0.50,0.01,0.04,-3.66,-1.24,-1.11|0.07,0.16,1.00,-2.85,2.20,1.87|0.06,-0.29,0.37,-2.76,-4.83,3.98
0.51,0.00,0.04,-3.19,-1.30,-1.58|0.08,0.16,1.00,-0.92,2.54,0.27|0.05,-0.32,0.37,-3.64,-3.29,1.08
0.51,0.00,0.05,-4.47,0.02,-0.66|0.06,0.16,1.00,-0.92,1.95,2.25|0.04,-0.31,0.36,-3.32,-5.11,2.98
0.50,-0.00,0.04,-4.73,0.40,-0.50|0.07,0.15,1.00,-0.78,1.27,-1.46|0.05,-0.32,0.36,-2.98,-2.92,0.76
0.50,0.01,0.03,-4.69,1.78,-0.54|0.07,0.16,1.00,-0.04,1.92,-0.57|0.05,-0.30,0.37,-3.73,-2.12,0.44
0.50,0.01,0.04,-1.72,-2.20,-1.50|0.07,0.18,1.00,-1.27,3.72,1.92|0.05,-0.31,0.37,-5.66,-3.69,3.66
0.50,0.01,0.04,-0.37,-3.15,-1.89|0.07,0.17,1.00,-3.92,6.34,7.73|0.05,-0.30,0.37,-7.07,-5.02,3.94
0.50,0.01,0.04,0.35,-4.92,-2.61|0.08,0.15,1.00,-4.53,6.31,9.37|0.05,-0.30,0.36,-7.30,-5.30,5.42
0.51,0.01,0.04,-0.86,-5.93,-2.66|0.07,0.16,1.00,-5.14,4.83,6.63|0.05,-0.32,0.37,-4.91,-2.21,3.18
0.51,0.01,0.04,-1.57,-9.39,-2.79|0.08,0.16,1.00,-4.79,4.21,8.64|0.05,-0.31,0.36,-1.71,-0.49,0.69
0.50,0.01,0.02,-2.04,-7.88,-2.73|0.07,0.15,1.00,-5.04,4.81,7.62|0.04,-0.30,0.36,1.24,1.80,-1.40
0.51,0.01,0.03,-4.54,-4.44,-1.44|0.07,0.15,1.00,-4.61,4.11,5.41|0.04,-0.31,0.38,2.98,3.19,-2.61
0.51,0.01,0.03,-3.78,-5.31,-1.68|0.07,0.15,1.00,-4.08,4.28,2.11|0.06,-0.29,0.38,1.98,0.64,0.91
0.51,0.00,0.03,-4.00,-3.97,-2.08|0.07,0.15,1.00,-3.22,3.10,3.24|0.05,-0.31,0.37,0.98,1.43,-1.26
0.50,0.01,0.03,-4.90,-2.76,-1.05|0.07,0.16,1.00,-3.89,2.79,0.38|0.05,-0.30,0.38,2.44,0.70,-3.96
0.51,-0.00,0.03,-4.27,-2.71,-1.06|0.08,0.15,1.00,-4.45,1.05,1.70|0.06,-0.30,0.37,1.06,-4.92,4.02
0.51,0.00,0.03,-3.15,-0.99,-0.95|0.07,0.16,1.00,-4.73,0.64,1.70|0.06,-0.31,0.37,-2.76,-2.19,0.85
0.50,0.01,0.03,-3.44,-0.64,-1.15|0.06,0.16,1.00,-5.11,-0.15,1.54|0.05,-0.30,0.37,-5.92,-3.98,2.02
0.50,0.01,0.03,-3.64,0.92,-1.16|0.07,0.15,1.00,-3.97,0.66,-0.53|0.05,-0.30,0.37,-7.64,-1.60,0.58
0.51,0.01,0.04,-4.33,2.50,-1.05|0.06,0.16,1.00,-1.74,1.49,0.62|0.05,-0.30,0.37,-8.89,-4.57,1.98
0.51,0.01,0.03,-5.33,3.81,-1.38|0.07,0.16,1.00,-0.01,1.80,-3.38|0.05,-0.31,0.37,-9.77,-5.08,4.24
0.50,0.01,0.03,-6.22,-0.02,-0.80|0.07,0.16,1.00,1.90,2.69,-3.37|0.05,-0.31,0.37,-8.88,-0.80,-1.25
0.50,0.01,0.03,-6.72,-0.28,-0.39|0.07,0.16,1.00,2.64,3.89,-1.38|0.05,-0.30,0.37,-8.90,-0.69,-1.69
0.50,0.00,0.03,-5.74,-3.79,-0.98|0.07,0.16,1.00,0.54,4.59,-0.60|0.04,-0.31,0.37,-8.95,-0.59,0.17
0.49,0.01,0.02,-3.85,-6.05,-1.02|0.07,0.16,1.00,-1.16,4.37,2.68|0.05,-0.30,0.38,-8.11,-1.40,0.26
0.50,0.01,0.02,-3.40,-0.74,-1.37|0.07,0.15,1.00,-3.16,4.77,5.58|0.04,-0.29,0.36,-7.60,-0.89,1.76
0.50,0.01,0.03,-3.83,-2.85,-1.27|0.07,0.14,1.00,-4.64,3.05,1.17|0.04,-0.29,0.39,-4.02,-1.86,2.08
0.51,0.01,0.03,-4.78,-2.79,-0.79|0.07,0.16,1.00,-5.85,3.68,1.55|0.05,-0.29,0.38,-1.22,-1.81,2.79
0.50,0.01,0.02,-4.68,-1.60,-0.71|0.07,0.15,1.00,-7.39,2.47,0.41|0.05,-0.30,0.38,1.32,-0.18,-0.91
0.50,0.01,0.02,-3.97,-1.66,-1.03|0.07,0.16,1.00,-7.68,2.89,-0.79|0.05,-0.30,0.36,2.67,-2.64,1.54
0.51,0.01,0.03,-5.29,-2.11,-0.78|0.07,0.15,1.00,-7.05,2.29,-0.37|0.04,-0.31,0.36,3.14,-2.65,-0.09
0.50,0.01,0.03,-5.85,-2.14,-1.04|0.07,0.16,1.00,-7.07,2.20,-1.81|0.05,-0.31,0.36,3.03,-5.57,1.98
0.51,0.00,0.03,-6.46,-2.67,-0.95|0.07,0.16,1.00,-5.79,1.97,-0.35|0.05,-0.31,0.37,3.44,-2.15,-3.25
0.50,0.01,0.03,-6.96,-3.60,-1.18|0.07,0.15,1.00,-4.39,1.78,-1.64|0.05,-0.30,0.37,1.16,-2.10,-1.73
0.50,0.01,0.02,-6.92,-3.02,-1.42|0.07,0.16,1.00,-3.85,1.69,-0.83|0.05,-0.30,0.37,-1.46,-0.11,-2.96
0.51,0.01,0.03,-9.19,-2.72,-0.67|0.07,0.15,1.00,-3.57,2.81,-1.18|0.04,-0.31,0.37,-3.62,0.88,-3.73
0.51,0.01,0.02,-8.83,-5.66,-0.68|0.07,0.15,1.00,-4.28,3.24,-1.76|0.04,-0.32,0.36,-4.02,1.27,-2.96
0.52,0.01,0.03,-9.02,-6.38,-0.02|0.07,0.17,1.00,-5.29,4.13,1.45|0.05,-0.31,0.38,-4.03,5.15,-7.81
0.51,0.01,0.01,-8.57,-6.72,-0.18|0.06,0.16,1.00,-5.63,4.21,0.55|0.04,-0.30,0.37,-4.99,7.96,-11.38
0.51,0.00,0.02,-8.09,-7.04,-1.34|0.07,0.16,1.00,-5.37,3.93,4.82|0.05,-0.29,0.38,-8.34,6.44,-7.89
0.50,0.00,0.01,-6.92,-4.27,-2.01|0.06,0.16,1.00,-3.03,3.85,5.58|0.05,-0.30,0.37,-12.38,3.31,-1.61
0.51,0.01,0.01,-6.52,-4.80,-2.37|0.06,0.15,1.00,1.22,4.03,4.38|0.05,-0.31,0.37,-13.91,5.86,-4.46
0.50,0.01,-0.01,-7.59,-5.27,-1.80|0.07,0.15,1.00,4.81,3.69,2.97|0.04,-0.30,0.37,-14.82,5.51,-5.24
0.50,0.02,0.01,-6.67,-5.94,-1.83|0.07,0.16,1.00,7.76,5.63,3.96|0.04,-0.30,0.38,-14.25,5.27,-6.44
0.49,0.02,-0.00,-6.18,-6.75,-1.92|0.07,0.15,1.00,9.12,6.06,5.52|0.04,-0.29,0.37,-13.47,2.82,-4.17
0.49,0.01,-0.00,-3.89,-7.06,-2.57|0.07,0.15,1.00,9.15,6.71,3.51|0.03,-0.30,0.39,-11.61,-0.05,-4.91
0.48,0.01,-0.01,1.11,-3.29,-2.58|0.07,0.15,1.00,8.86,4.24,0.83|0.03,-0.27,0.38,-12.00,-5.65,1.28
0.51,0.02,0.01,-1.92,-4.69,-0.92|0.07,0.16,1.00,4.53,6.24,0.49|0.04,-0.27,0.38,-11.21,-11.60,11.86
0.51,0.01,-0.00,-0.60,-5.62,-0.44|0.07,0.16,1.00,-3.38,7.51,-1.76|0.06,-0.33,0.37,-5.09,-15.08,13.19
0.49,-0.04,-0.03,10.37,-2.85,-3.03|0.06,0.19,1.00,-11.92,5.92,10.01|0.08,-0.34,0.34,-0.05,0.35,-10.71
0.52,-0.04,-0.01,11.27,-11.08,-3.51|0.05,0.19,1.00,-20.68,4.80,26.37|0.06,-0.30,0.40,2.00,-5.90,-4.44
0.53,-0.03,0.02,1.44,-4.50,-1.26|0.03,0.15,1.00,-26.94,-5.17,29.31|0.08,-0.27,0.39,1.39,-13.76,14.31
0.49,-0.04,0.01,-1.86,6.38,-0.11|0.04,0.10,1.00,-23.96,-17.04,3.13|0.07,-0.29,0.33,2.66,-11.18,19.59
0.52,-0.00,-0.00,-4.98,4.87,-0.42|0.04,0.12,1.00,-15.23,-16.15,-7.73|0.05,-0.33,0.35,4.35,-1.08,14.55
0.52,0.03,0.00,-4.02,3.31,-6.44|0.05,0.15,1.00,-9.50,-11.56,-15.39|0.04,-0.34,0.39,13.92,-0.59,6.18
0.48,0.02,0.01,-3.79,4.92,-9.63|0.07,0.15,1.00,-2.92,1.79,-11.60|0.04,-0.28,0.33,14.16,-9.37,12.53
0.49,0.01,-0.01,-5.63,4.15,-9.70|0.06,0.16,1.00,5.45,12.85,10.64|0.03,-0.30,0.36,10.67,-7.63,9.40
0.52,0.02,0.01,-8.02,1.53,-8.57|0.07,0.15,0.05,56.76,-197.76,-0.01|0.04,-0.32,0.37,6.41,-14.11,17.93
0.51,0.03,0.01,-12.72,-0.59,-7.07|0.08,0.17,1.00,0.54,6.14,-8.39|0.05,-0.33,0.36,5.50,-1.60,2.64
0.50,0.03,0.02,-17.63,-5.81,-5.40|0.09,0.14,1.00,2.08,5.39,-1.79|0.04,-0.31,0.37,2.55,9.38,-11.20
0.51,0.03,0.00,-15.91,-5.69,-4.62|0.09,0.15,1.00,3.72,5.71,-4.21|0.03,-0.31,0.38,0.03,10.11,-11.69
0.51,0.04,0.00,-16.16,-9.31,-4.18|0.09,0.16,1.00,2.26,3.95,1.39|0.04,-0.32,0.38,-2.73,8.04,-10.69
0.51,0.02,0.01,-14.08,-8.83,-2.97|0.10,0.15,1.00,1.51,3.16,-1.16|0.03,-0.30,0.37,-7.59,11.05,-17.07
0.52,0.03,0.02,-12.17,-5.18,-1.24|0.08,0.17,1.00,-0.86,2.42,5.53|0.02,-0.28,0.38,-13.85,12.08,-11.54
0.51,0.03,0.00,-11.58,-6.07,-0.17|0.08,0.15,1.00,-3.85,-1.53,-0.44|0.03,-0.29,0.39,-16.15,4.90,-5.66
0.51,0.03,0.02,-10.95,0.43,0.94|0.07,0.17,1.00,-4.48,-0.69,0.08|0.04,-0.30,0.37,-17.62,6.60,-9.79
0.50,0.03,-0.00,-10.44,-0.73,1.02|0.07,0.15,1.00,-2.79,-1.66,-3.50|0.04,-0.29,0.37,-20.25,5.77,-5.72
0.51,0.03,0.00,-9.66,2.85,1.42|0.07,0.15,1.00,-0.96,-2.11,-11.24|0.03,-0.31,0.37,-16.62,3.45,-6.01
0.49,0.03,0.00,-6.57,4.92,0.53|0.07,0.15,1.00,0.64,-0.99,-11.58|0.03,-0.29,0.35,-16.40,3.62,-7.14
0.48,0.03,0.01,-0.56,15.75,-1.69|0.07,0.15,1.00,2.55,-0.56,-6.88|0.02,-0.25,0.37,-17.89,-2.51,-0.14
0.50,0.02,-0.02,-2.27,26.29,-0.20|0.06,0.17,1.00,-1.59,0.60,-3.11|0.03,-0.27,0.38,-22.70,-15.74,18.21
0.49,0.03,0.01,-2.33,20.08,-0.44|0.07,0.16,1.00,-3.32,1.91,-0.48|0.03,-0.30,0.40,-19.06,-12.05,20.22
0.51,0.01,0.04,-2.07,13.05,0.32|0.07,0.18,1.00,-6.68,5.27,6.96|0.04,-0.34,0.34,-8.91,3.42,6.26
0.51,0.02,0.05,-3.67,1.47,2.29|0.06,0.16,1.00,-12.00,4.53,6.66|0.02,-0.34,0.36,2.99,14.99,-12.88
0.52,0.02,0.05,-5.69,-9.98,-0.02|0.06,0.17,1.00,-16.23,3.17,0.12|0.02,-0.28,0.37,14.41,7.62,-7.92
0.51,0.02,0.05,-5.83,-7.13,-1.02|0.07,0.15,1.00,-15.33,2.47,-0.06|0.02,-0.30,0.36,21.77,-2.23,6.80
0.50,0.02,0.04,-5.63,-7.22,-2.23|0.07,0.17,1.00,-9.84,3.06,0.13|0.05,-0.32,0.37,19.13,-3.94,8.81
0.52,0.02,0.03,-6.96,-5.62,-2.49|0.07,0.17,1.00,-4.36,2.20,-3.46|0.06,-0.34,0.36,12.01,-8.84,15.75
0.52,0.02,0.04,-6.41,-6.21,-2.60|0.08,0.17,1.00,-1.86,0.95,1.97|0.05,-0.35,0.33,-0.16,-7.08,6.54
0.52,0.02,0.04,-5.37,-5.92,-3.03|0.08,0.16,1.00,0.21,-0.66,-2.74|0.03,-0.34,0.36,-3.84,-0.18,-7.31
0.52,0.02,0.02,-4.95,-0.27,-3.24|0.07,0.15,1.00,3.67,-1.63,1.60|0.02,-0.31,0.37,-6.08,-6.44,-4.50
0.50,0.02,0.02,-11.27,-1.67,-0.47|0.08,0.14,1.00,11.87,-4.95,-2.73|0.03,-0.30,0.38,-9.02,-7.87,-1.47
0.49,0.05,0.02,-13.27,-0.74,-1.30|0.09,0.12,1.00,16.93,-8.21,-11.95|0.04,-0.30,0.37,-13.59,-4.12,0.48
0.49,0.06,0.01,-13.05,-4.52,-0.24|0.11,0.16,1.00,22.44,-6.48,-19.90|0.02,-0.32,0.35,-17.83,4.97,-13.66
0.54,0.06,0.03,-8.89,3.00,-0.23|0.11,0.20,1.00,16.41,2.18,-6.29|0.01,-0.32,0.40,-17.21,-4.12,-11.40
0.50,0.06,0.02,-4.31,4.93,-2.76|0.11,0.18,1.00,12.14,1.78,0.85|0.02,-0.28,0.40,-17.10,-17.08,-4.45
0.49,0.04,0.06,2.14,15.29,-3.79|0.11,0.17,1.00,3.33,0.95,-2.48|0.02,-0.26,0.34,-19.98,-23.77,7.95
0.52,0.06,0.04,0.95,26.08,-3.85|0.09,0.21,1.00,-7.13,-0.63,-0.83|0.01,-0.28,0.38,-21.95,-20.18,11.88
0.53,0.00,0.05,0.92,32.91,-5.60|0.09,0.18,1.00,-11.21,-9.95,-7.31|0.02,-0.32,0.42,-14.00,-20.40,23.71
0.43,0.00,0.03,-5.83,14.23,2.47|0.09,0.13,1.00,-11.57,-14.56,-20.15|0.05,-0.29,0.32,-6.59,-13.15,29.04
0.47,0.03,0.05,-5.80,3.82,2.61|0.07,0.18,1.00,-7.45,-7.91,-9.14|0.04,-0.32,0.28,-3.86,11.60,13.65
0.50,0.03,0.04,-8.49,5.53,2.00|0.07,0.17,1.00,-14.79,-4.70,-12.67|0.04,-0.34,0.39,6.10,31.78,-4.25
0.54,0.02,0.09,-7.72,-2.37,0.15|0.08,0.21,1.00,-22.07,0.07,-3.49|0.04,-0.37,0.35,23.66,15.85,-2.06
0.50,0.01,0.05,-11.44,-3.31,2.35|0.06,0.16,1.00,-19.75,6.40,13.30|0.05,-0.34,0.33,27.74,19.81,-25.45
0.50,0.02,0.09,-10.94,-6.80,1.98|0.07,0.12,1.00,-15.98,0.82,-6.79|0.06,-0.24,0.37,23.33,12.47,-21.02
0.51,0.01,0.06,-9.72,11.63,-0.56|0.06,0.16,1.00,-15.38,0.09,-19.44|0.08,-0.34,0.40,6.25,-20.73,26.18
0.53,0.01,0.08,-8.83,3.40,0.00|0.08,0.21,1.00,-15.94,4.67,-12.21|0.06,-0.37,0.35,-2.59,-4.30,0.03
0.50,0.01,0.07,-9.24,-3.02,0.21|0.08,0.19,1.00,-12.34,11.08,14.03|0.06,-0.32,0.36,-7.82,2.79,-28.39
0.51,0.02,0.09,-11.60,-4.32,1.71|0.07,0.14,1.00,-5.92,8.31,7.97|0.04,-0.25,0.37,-13.50,-5.72,-18.64
0.51,0.01,0.07,-12.91,-3.09,1.15|0.07,0.14,1.00,1.09,2.21,-9.98|0.02,-0.28,0.37,-20.60,-13.53,2.35
0.50,0.01,0.06,-11.18,-11.69,2.31|0.08,0.15,1.00,7.97,-0.27,-26.72|0.03,-0.31,0.39,-23.69,-23.57,23.80
0.51,0.01,0.06,-8.14,-9.44,0.71|0.08,0.21,1.00,11.38,5.27,-8.11|0.04,-0.34,0.35,-19.36,-12.28,19.43
0.49,0.00,0.04,-8.19,-7.77,0.56|0.07,0.18,1.00,11.24,10.45,8.95|0.05,-0.33,0.34,-20.21,10.54,-7.17
0.49,-0.00,0.06,-5.21,-11.98,0.82|0.07,0.17,1.00,9.76,8.68,8.63|0.04,-0.29,0.36,-17.45,19.89,-13.04
0.51,0.01,0.07,-6.18,-11.09,1.44|0.06,0.17,1.00,2.76,5.88,8.84|0.04,-0.31,0.37,-11.23,9.74,-0.83
0.51,-0.00,0.06,-4.29,-7.46,0.67|0.08,0.17,1.00,0.92,2.39,0.94|0.04,-0.32,0.35,-4.05,6.60,-0.24
0.49,0.01,0.05,-4.96,-5.73,0.66|0.07,0.17,1.00,-0.60,3.73,2.53|0.04,-0.30,0.35,0.00,5.31,-2.66
0.50,-0.00,0.04,-0.80,-6.38,-1.24|0.07,0.17,1.00,-1.57,3.92,4.52|0.04,-0.31,0.36,4.40,1.01,0.79
0.50,0.00,0.05,-1.05,-6.55,-1.26|0.07,0.16,1.00,-3.89,2.26,5.26|0.05,-0.31,0.36,4.79,-1.39,0.81
0.50,0.01,0.06,0.69,3.40,-2.08|0.06,0.16,1.00,-5.72,2.73,2.82|0.05,-0.30,0.36,6.21,-3.22,0.90
0.51,-0.00,0.04,-0.85,5.95,-0.52|0.06,0.15,1.00,-6.75,2.42,1.21|0.04,-0.31,0.38,5.56,-5.70,2.28
0.51,0.01,0.05,-1.08,2.37,0.39|0.07,0.17,1.00,-10.79,1.79,-3.46|0.04,-0.32,0.36,7.19,-12.23,7.50
0.51,0.01,0.07,-0.89,-5.14,-1.08|0.07,0.18,1.00,-13.30,4.02,0.82|0.04,-0.33,0.36,8.98,-10.02,3.69
0.52,0.00,0.06,-1.52,-6.26,-1.33|0.07,0.17,1.00,-16.11,5.03,3.54|0.04,-0.32,0.35,12.29,-10.82,1.28
0.52,0.01,0.06,-4.08,-11.95,-0.56|0.07,0.17,1.00,-16.40,4.01,0.88|0.03,-0.33,0.36,13.93,-11.66,-0.71
0.50,0.01,0.03,-4.92,-12.48,-0.08|0.07,0.18,1.00,-13.57,4.39,5.39|0.05,-0.30,0.36,10.31,-8.82,-1.18
0.50,0.00,0.04,-4.65,-5.96,-1.31|0.07,0.17,1.00,-10.11,1.82,4.48|0.05,-0.31,0.37,2.54,-3.71,-3.02
0.50,0.01,0.03,-5.40,-8.21,-1.67|0.07,0.16,1.00,-4.98,0.43,2.51|0.06,-0.30,0.37,-7.00,-0.92,0.66
0.50,0.01,0.02,-7.18,-2.68,-0.76|0.07,0.16,1.00,1.99,0.56,4.47|0.04,-0.31,0.37,-13.63,2.67,-1.83
0.50,0.01,0.03,-4.90,-4.62,-2.02|0.07,0.17,1.00,7.40,0.36,1.84|0.05,-0.30,0.36,-18.61,2.26,0.13
0.51,0.01,0.02,-4.99,0.24,-2.41|0.07,0.16,1.00,11.60,-0.44,-1.08|0.04,-0.31,0.36,-22.85,2.66,0.90
0.49,0.01,0.02,-6.88,0.37,-1.64|0.07,0.16,1.00,13.80,-1.81,-0.65|0.05,-0.31,0.37,-24.05,3.27,-0.63
0.51,0.01,0.03,-6.41,1.34,-1.73|0.07,0.15,1.00,16.28,0.53,0.43|0.04,-0.31,0.36,-24.13,4.59,-2.04
0.50,0.00,0.02,-5.10,3.34,-1.90|0.07,0.16,1.00,14.51,0.23,0.33|0.05,-0.30,0.37,-22.67,2.91,-1.24
0.50,0.00,0.04,-3.38,1.18,-2.16|0.07,0.16,1.00,10.27,1.21,0.85|0.04,-0.30,0.36,-21.34,-0.12,3.68
0.49,0.00,0.03,-3.75,2.94,-1.53|0.07,0.16,1.00,4.10,0.65,0.85|0.04,-0.31,0.37,-17.16,-0.70,4.44
0.51,0.00,0.05,-2.82,0.28,-1.27|0.07,0.17,1.00,-4.30,0.56,-3.88|0.04,-0.32,0.36,-9.11,-2.07,4.26
0.51,0.01,0.05,-2.63,-1.16,-0.80|0.06,0.18,1.00,-11.32,3.99,1.94|0.03,-0.32,0.36,0.42,-3.92,3.58
0.49,0.01,0.04,-1.79,-4.08,-1.72|0.07,0.17,1.00,-16.56,4.44,0.36|0.04,-0.30,0.36,7.78,-6.83,2.26
0.52,0.01,0.03,-1.40,-8.74,-2.62|0.07,0.18,1.00,-21.34,5.94,1.61|0.04,-0.33,0.36,15.37,-8.95,5.38
0.52,0.01,0.06,-5.13,-8.82,-2.31|0.07,0.19,1.00,-25.32,6.76,5.41|0.04,-0.34,0.36,23.02,-6.82,-0.41
0.50,0.01,0.04,-3.92,-9.28,-2.22|0.07,0.18,1.00,-26.88,5.45,5.99|0.04,-0.33,0.35,27.53,-4.98,-6.13
0.51,0.01,0.05,-5.76,-9.20,-1.60|0.08,0.17,1.00,-25.67,0.76,0.56|0.05,-0.32,0.36,26.44,-6.25,-4.12
0.51,0.02,0.02,-7.47,-7.29,-1.76|0.08,0.17,1.00,-20.23,-0.89,-1.78|0.06,-0.31,0.37,21.27,-6.33,-3.07
0.51,0.01,0.01,-7.53,-5.21,-2.10|0.08,0.15,1.00,-9.83,-1.97,1.25|0.05,-0.32,0.37,12.28,-6.09,-3.64
0.50,0.01,0.01,-7.69,-3.20,-1.37|0.08,0.15,1.00,1.53,-0.63,-0.79|0.05,-0.30,0.37,0.19,-3.09,-4.75
0.50,0.01,0.02,-7.76,-2.73,-1.02|0.08,0.15,1.00,10.66,-1.02,0.15|0.05,-0.30,0.37,-11.82,0.15,-3.59
0.50,0.01,0.01,-7.21,-1.93,-0.64|0.08,0.15,1.00,16.79,-0.50,-3.47|0.05,-0.31,0.36,-21.64,1.26,-3.60
0.50,0.01,0.01,-6.44,-0.94,-0.24|0.08,0.16,1.00,20.41,-0.49,-2.47|0.05,-0.30,0.37,-29.14,0.23,0.01
0.50,0.00,0.01,-6.23,-1.00,-0.50|0.08,0.16,1.00,21.07,-0.66,-4.40|0.05,-0.29,0.36,-33.22,3.39,-0.18
0.51,0.01,0.02,-5.93,0.21,-1.17|0.08,0.16,1.00,17.76,-0.26,-0.13|0.05,-0.31,0.39,-31.19,-0.31,1.68
0.51,0.02,0.01,-7.53,-1.43,-2.21|0.08,0.16,1.00,12.78,-2.74,-1.73|0.04,-0.31,0.35,-29.18,1.83,5.11
0.50,0.03,0.03,-14.95,-2.38,-1.93|0.09,0.14,1.00,7.22,-4.11,-6.36|0.06,-0.32,0.39,-23.86,6.02,-1.00
0.51,0.03,0.03,-19.63,-1.06,-0.53|0.09,0.15,1.00,1.82,-4.18,-18.56|0.04,-0.34,0.35,-7.08,9.87,-18.35
0.51,0.03,0.02,-26.24,1.18,2.16|0.08,0.16,1.00,-4.41,-3.97,-22.21|0.03,-0.33,0.36,7.48,5.05,-18.78
0.51,0.02,0.03,-28.19,-0.44,2.01|0.08,0.18,1.00,-15.09,-4.07,-24.35|0.04,-0.31,0.37,16.74,5.50,-28.47
0.51,0.02,0.02,-28.43,-0.21,2.67|0.08,0.18,1.00,-23.15,-2.34,-21.11|0.05,-0.32,0.36,20.44,-5.29,-15.76
0.50,0.02,0.01,-26.50,0.79,3.43|0.08,0.17,1.00,-27.67,-1.15,-21.49|0.05,-0.31,0.37,19.16,-2.61,-20.34
