0.13,0.05,0.05,-4.32,-3.90,2.35|0.10,0.01,0.38,-7.74,2.21,0.24|0.13,0.18,0.43,-4.50,-1.71,3.40
0.13,0.04,0.13,-6.53,-2.92,2.56|0.00,0.01,0.38,-3.89,1.53,0.52|0.12,0.18,0.44,-3.88,-2.58,2.31
0.13,0.04,0.06,-7.79,-3.91,0.11|0.10,0.00,0.38,-3.89,0.73,0.76|0.13,0.18,0.43,-3.80,-3.03,1.05
0.13,0.04,0.05,-3.91,-3.42,0.69|0.00,0.00,0.38,-5.55,4.05,0.61|0.13,0.19,0.43,-4.00,-2.27,1.19
0.13,0.04,0.05,-5.34,-3.89,3.98|0.00,0.01,0.38,-5.24,2.20,1.13|0.13,0.18,0.43,-5.03,-1.44,3.75
0.13,0.04,0.05,-7.69,-1.76,0.49|0.00,0.00,0.38,-7.23,2.09,0.37|0.13,0.19,0.44,-4.47,-1.70,2.13
0.13,0.05,0.13,-3.91,-2.79,2.93|0.00,0.00,0.38,-3.82,0.02,1.95|0.13,0.18,0.44,-3.29,-2.82,2.30
0.13,0.04,0.05,-3.86,-3.57,0.24|0.00,0.01,0.38,-3.56,1.11,0.73|0.13,0.19,0.43,-3.82,-2.06,0.93
0.13,0.05,0.05,-7.57,-3.66,2.51|0.00,0.01,0.38,-3.91,0.49,0.09|0.13,0.18,0.43,-3.59,-1.95,2.40
0.13,0.04,0.13,-7.82,-3.88,2.20|0.00,0.00,0.38,-3.74,0.50,0.26|0.13,0.19,0.43,-3.56,-1.61,2.25
0.13,0.05,0.05,-7.50,-3.54,1.59|0.00,0.01,0.43,-3.62,1.96,1.11|0.13,0.18,0.43,-3.36,-1.75,1.76
0.13,0.04,0.13,-7.82,-3.66,0.99|0.00,0.01,0.43,-3.86,0.21,1.25|0.13,0.19,0.43,-3.52,-1.80,1.33
0.13,0.04,0.13,-7.68,-2.93,1.28|0.00,0.01,0.43,-3.90,0.02,0.98|0.13,0.18,0.43,-3.10,-2.23,1.05
0.13,0.04,0.05,-7.56,-2.72,0.56|0.00,0.00,0.38,-3.16,0.98,0.04|0.13,0.18,0.43,-3.11,-2.42,0.47
0.13,0.00,0.06,-7.02,0.05,-0.47|0.00,0.02,0.38,-6.95,1.13,0.49|0.13,0.19,0.43,-4.12,-2.14,-0.14
0.13,0.05,0.06,-7.79,-3.89,0.62|0.00,0.00,0.43,-3.63,2.02,0.53|0.13,0.18,0.43,-3.47,-1.96,0.52
0.00,0.05,0.06,-7.82,-1.94,0.58|0.10,0.01,0.38,-3.91,0.98,0.58|0.13,0.18,0.43,-3.79,-2.18,0.79
0.12,0.03,0.05,-7.57,-2.93,-0.85|0.10,0.00,0.38,-3.83,1.05,1.02|0.13,0.18,0.43,-3.53,-2.69,-1.02
0.12,0.04,0.06,-7.69,-2.90,0.10|0.00,0.00,0.38,-4.15,0.79,0.19|0.13,0.19,0.43,-3.76,-2.71,-0.18
0.13,0.04,0.06,-7.80,-3.59,0.00|0.00,0.01,0.43,-6.60,0.99,1.29|0.13,0.19,0.43,-3.88,-2.36,-0.63
0.13,0.04,0.06,-5.44,-2.81,0.86|0.00,0.01,0.44,-3.89,1.77,0.12|0.12,0.19,0.43,-3.69,-2.09,1.19
0.13,0.04,0.06,-7.81,-2.92,0.76|0.00,0.01,0.44,-3.63,0.37,0.00|0.13,0.19,0.43,-3.51,-2.46,0.98
0.12,0.04,0.06,-7.77,-3.42,0.99|0.10,0.01,0.38,-3.28,1.00,0.01|0.13,0.18,0.43,-3.05,-2.92,1.09
0.12,0.04,0.06,-7.58,-3.85,-0.18|0.10,0.01,0.38,-3.05,0.06,0.00|0.12,0.18,0.43,-3.01,-2.99,-0.27
0.13,0.04,0.06,-3.85,-3.91,-0.53|0.10,0.01,0.44,-7.31,1.13,-0.67|0.13,0.18,0.44,-3.98,-2.95,-0.73
0.13,0.05,0.06,-5.83,-3.90,0.04|0.00,0.01,0.43,-4.52,0.02,1.28|0.13,0.18,0.43,-4.34,-2.98,1.06
0.13,0.04,0.13,-7.57,-3.47,0.27|0.00,0.01,0.38,-7.02,0.01,0.07|0.13,0.18,0.44,-3.87,-3.71,0.57
0.13,0.05,0.13,-7.08,-3.85,0.12|0.00,0.00,0.38,-6.83,0.00,0.12|0.13,0.18,0.43,-4.47,-3.63,0.15
0.13,0.04,0.13,-7.32,-2.81,0.01|0.09,0.01,0.38,-4.89,0.98,0.03|0.13,0.18,0.43,-4.49,-2.65,0.15
0.13,0.04,0.06,-5.72,-2.88,0.20|0.00,0.00,0.43,-4.75,0.00,0.24|0.13,0.18,0.43,-4.84,-2.84,0.77
0.12,0.04,0.13,-4.64,-3.88,0.14|0.00,0.01,0.43,-6.76,0.00,0.19|0.12,0.18,0.43,-4.16,-2.21,0.73
0.13,0.00,0.05,-5.37,-2.56,0.12|0.00,0.00,0.38,-7.63,1.97,0.18|0.13,0.19,0.43,-4.21,-2.19,1.05
0.13,0.04,0.13,-7.78,-3.37,1.04|0.00,0.02,0.38,-7.30,0.01,1.01|0.13,0.19,0.43,-3.81,-2.31,1.74
0.13,0.04,0.06,-7.69,-3.83,1.27|0.10,0.01,0.38,-3.85,1.34,0.13|0.13,0.18,0.43,-3.33,-2.50,1.67
0.13,0.04,0.05,-7.33,-3.79,2.11|0.00,0.00,0.38,-3.90,0.00,0.52|0.13,0.18,0.43,-3.37,-2.02,2.53
0.13,0.00,0.13,-7.26,-3.66,1.95|0.10,0.02,0.44,-4.24,0.00,0.03|0.13,0.19,0.43,-4.13,-2.44,2.52
0.13,0.04,0.13,-6.11,-2.81,2.21|0.00,0.01,0.43,-4.40,0.13,2.02|0.13,0.18,0.43,-4.34,-2.66,2.95
0.13,0.01,0.05,0.64,-1.82,5.37|0.01,0.00,0.38,-7.82,-1.40,4.00|0.14,0.19,0.42,-5.32,-0.84,5.76
0.13,0.06,0.13,-6.77,-1.82,7.82|0.00,0.00,0.43,-0.01,-0.01,-0.01|0.14,0.19,0.43,-5.74,-0.76,7.82
0.00,0.05,0.06,-7.69,0.06,4.24|0.00,0.00,0.43,-3.73,2.44,0.50|0.13,0.18,0.43,-3.21,-3.82,6.47
0.13,0.04,0.13,0.03,-7.39,1.10|0.01,0.16,0.38,0.00,7.82,0.06|0.12,0.17,0.43,0.37,-7.37,0.40
0.00,0.00,0.13,0.98,-7.82,0.00|0.00,0.00,0.38,0.92,0.99,-3.15|0.13,0.19,0.42,0.85,-7.21,-3.24
0.00,0.00,0.13,1.95,2.08,0.00|0.00,0.00,0.38,0.50,0.55,-3.85|0.13,0.19,0.44,3.00,-3.88,-0.33
0.13,0.03,0.05,10.26,8.58,0.02|0.00,0.02,0.44,8.19,-13.61,0.01|0.13,0.18,0.44,11.77,-5.72,0.09
0.14,0.00,0.13,0.00,0.62,2.00|0.00,0.00,0.46,38.60,-15.60,2.05|0.16,0.21,0.46,39.70,-15.79,3.12
0.18,0.01,0.14,0.07,-18.56,2.93|0.06,0.27,0.39,63.02,-29.79,2.45|0.19,0.27,0.43,64.89,-18.47,11.85
0.20,0.00,0.13,3.54,-23.18,0.01|0.07,0.26,0.38,62.79,-29.17,0.29|0.20,0.32,0.38,71.31,-24.34,18.34
0.17,0.00,0.01,0.31,-31.18,2.23|0.02,0.25,0.25,78.70,-25.27,0.04|0.18,0.35,0.34,79.07,-24.76,0.31
0.00,0.01,0.00,0.03,-29.19,4.15|0.07,0.27,0.30,0.08,-24.89,11.13|0.19,0.39,0.31,84.73,-25.49,47.15
0.17,0.03,0.00,8.31,-21.98,0.00|0.03,0.26,0.25,8.84,0.24,3.47|0.18,0.31,0.25,76.75,-21.01,21.44
0.16,0.03,0.13,7.92,-12.58,3.30|0.03,0.27,0.19,2.02,0.24,7.88|0.16,0.36,0.24,56.88,-10.97,40.46
0.18,0.01,0.11,10.76,0.16,0.52|0.03,0.25,0.19,1.66,1.01,8.81|0.16,0.29,0.23,23.54,2.58,43.24
0.19,0.03,0.00,15.91,0.56,0.52|0.06,0.27,0.25,1.98,15.73,16.89|0.19,0.31,0.30,-12.70,24.73,59.01
0.22,0.02,0.13,20.52,0.13,5.50|0.09,0.25,0.38,0.12,15.64,19.69|0.24,0.27,0.41,-11.91,15.85,51.75
0.00,0.05,0.08,20.64,0.26,5.91|0.09,0.25,0.27,0.09,15.89,8.00|0.22,0.29,0.33,-9.03,25.48,44.71
0.22,0.03,0.00,5.62,19.55,6.37|0.09,0.03,0.30,1.60,15.63,3.92|0.23,0.28,0.36,6.97,19.55,36.63
0.19,0.00,0.01,15.64,20.15,4.40|0.06,0.26,0.29,0.13,20.53,19.60|0.19,0.26,0.31,-8.08,20.92,20.31
0.24,0.03,0.00,12.71,4.09,1.40|0.11,0.03,0.26,1.04,0.08,8.32|0.25,0.28,0.33,-1.95,5.88,23.15
0.24,0.04,0.08,11.63,5.72,0.06|0.11,0.05,0.27,0.03,1.63,11.99|0.24,0.31,0.34,0.07,4.99,-3.47
0.24,0.04,0.00,0.06,1.10,1.50|0.11,0.04,0.26,0.07,1.01,1.95|0.25,0.30,0.32,0.37,1.38,7.37
0.25,0.04,0.00,-0.69,-4.50,0.55|0.12,0.25,0.27,1.39,5.88,0.00|0.24,0.30,0.33,-0.73,-1.81,-3.63
0.24,0.03,0.09,-3.32,-7.30,-9.88|0.12,0.02,0.27,1.04,2.08,0.25|0.24,0.28,0.34,-2.53,-6.29,-10.38
0.00,0.03,0.08,0.15,-15.61,-7.79|0.11,0.25,0.26,-0.97,0.02,-7.82|0.25,0.30,0.32,-0.37,-9.81,-6.80
0.24,0.03,0.06,-6.83,-7.82,0.07|0.11,0.25,0.25,-7.76,4.89,0.73|0.24,0.30,0.31,-5.59,-2.49,1.25
0.24,0.03,0.05,-13.61,2.99,12.76|0.11,0.26,0.31,-5.37,0.98,8.67|0.24,0.30,0.32,-4.79,3.46,13.76
0.25,0.04,0.06,-10.26,0.27,4.47|0.11,0.26,0.31,-6.83,0.02,3.97|0.25,0.31,0.32,-2.21,-0.25,4.16
0.00,0.03,0.04,-11.21,-3.54,-3.18|0.09,0.26,0.25,-10.99,0.15,-3.77|0.23,0.30,0.29,-3.40,-2.79,-1.11
0.25,0.03,0.02,-15.14,-2.80,-3.18|0.10,0.26,0.27,-13.31,3.48,-6.81|0.24,0.29,0.29,-5.14,0.05,-2.85
0.00,0.01,0.08,-12.38,-3.85,0.01|0.00,0.27,0.32,-15.02,3.03,1.86|0.27,0.39,0.33,-9.92,-4.31,5.73
0.00,0.00,0.05,-9.27,-8.58,-6.84|0.01,0.26,0.25,-7.26,1.95,-9.71|0.25,0.27,0.29,-2.68,-8.18,-8.96
0.24,0.03,0.05,-15.02,0.15,0.06|0.09,0.27,0.30,-7.69,3.04,3.42|0.24,0.30,0.30,-7.71,-4.59,4.29
0.24,0.00,0.07,-9.28,-3.61,-3.59|0.10,0.25,0.31,-11.70,4.04,-3.91|0.24,0.29,0.32,-9.06,-3.95,-4.00
0.25,0.04,0.06,-13.67,-3.76,1.11|0.10,0.27,0.31,-7.82,3.45,0.41|0.24,0.31,0.31,-5.79,-4.37,2.27
0.25,0.03,0.05,-7.73,-5.25,2.56|0.10,0.25,0.25,-7.80,0.40,2.21|0.25,0.30,0.31,-6.44,-5.09,2.21
0.00,0.00,0.00,-7.82,-7.08,2.29|0.01,0.26,0.31,-3.62,0.00,0.15|0.26,0.32,0.32,-0.22,-7.52,3.37
0.22,0.01,0.03,-10.14,0.40,-5.85|0.09,0.25,0.25,-2.91,0.98,-5.80|0.24,0.26,0.30,-2.69,0.84,-6.37
0.23,0.03,0.05,-7.69,-3.66,0.61|0.11,0.25,0.25,-3.03,4.03,0.49|0.24,0.29,0.31,-1.72,-3.02,1.69
0.25,0.00,0.03,-6.47,-1.68,0.61|0.10,0.26,0.29,-6.11,4.40,1.60|0.25,0.31,0.30,-5.87,-0.87,1.36
0.24,0.03,0.05,-6.66,-1.95,-3.66|0.10,0.25,0.25,-6.81,2.02,-3.88|0.24,0.29,0.31,-6.27,-1.27,-3.53
0.24,0.00,0.07,-13.63,-1.93,-11.47|0.10,0.25,0.32,-11.73,2.76,-11.63|0.23,0.27,0.32,-9.05,-0.99,-12.24
0.21,0.03,0.08,-7.57,1.98,2.32|0.07,0.25,0.31,-7.50,2.44,2.95|0.22,0.29,0.32,-7.24,3.43,3.35
0.00,0.01,0.11,-7.27,3.97,0.24|0.10,0.26,0.29,-7.33,2.21,-3.34|0.22,0.28,0.36,-2.26,2.89,-3.41
0.23,0.00,0.07,0.02,0.12,0.02|0.10,0.25,0.27,0.49,2.94,-9.27|0.21,0.26,0.34,1.99,-1.02,-8.33
0.27,0.04,0.10,6.34,0.12,-8.76|0.00,0.26,0.28,4.19,0.00,-10.02|0.26,0.35,0.34,7.14,-20.51,-7.28
0.21,0.04,0.03,-10.71,1.50,-25.91|0.07,0.25,0.29,-3.76,4.15,-29.65|0.22,0.32,0.29,-1.18,-10.01,-26.14
0.24,0.01,0.13,-15.63,0.18,-35.15|0.10,0.20,0.17,-11.70,4.15,-37.11|0.24,0.19,0.23,-11.55,-17.56,-39.87
0.00,0.03,0.00,-59.36,0.86,-115.24|0.00,0.25,0.26,-61.06,0.02,-115.02|0.14,0.28,0.32,-62.29,2.47,-112.95
0.13,0.00,0.00,-75.11,0.07,-9.42|0.00,0.25,0.26,-77.85,3.43,-5.71|0.15,0.42,0.32,-74.39,16.12,-2.17
0.18,0.03,0.01,-77.19,0.17,-18.50|0.05,0.00,0.31,-78.16,0.05,-22.34|0.19,0.24,0.37,-69.40,12.10,-22.70
0.17,0.03,0.13,-78.17,0.07,-46.40|0.05,0.25,0.39,-70.33,0.00,-44.92|0.19,0.31,0.39,-68.77,3.83,-43.49
0.16,0.03,0.13,-73.21,6.85,-21.34|0.04,0.25,0.39,-65.70,2.44,-23.14|0.17,0.28,0.40,-64.01,6.97,-19.93
0.16,0.00,0.13,-62.53,1.96,-17.59|0.03,0.25,0.38,-58.61,1.50,-16.98|0.16,0.25,0.41,-56.79,3.54,-16.78
0.14,0.00,0.14,-61.98,3.97,-13.55|0.01,0.26,0.41,-53.70,4.23,-13.63|0.14,0.26,0.42,-50.58,3.81,-11.58
0.13,0.03,0.13,-46.84,3.94,-9.83|0.01,0.01,0.42,-45.42,0.26,0.02|0.14,0.24,0.42,-44.56,3.95,-8.02
0.13,0.00,0.13,-46.90,1.71,-7.20|0.00,0.22,0.41,-38.31,0.49,-6.72|0.13,0.22,0.42,-38.22,3.41,-6.76
0.13,0.00,0.13,-31.25,5.37,-6.78|0.01,0.01,0.42,-31.25,0.43,-7.68|0.13,0.21,0.43,-30.02,6.41,-4.35
0.14,0.00,0.06,-22.93,4.41,-3.36|0.01,0.01,0.38,-22.35,0.25,-11.46|0.13,0.20,0.44,-21.78,6.22,-3.81
0.13,0.03,0.13,-14.90,0.73,-11.24|0.00,0.01,0.38,-15.63,1.11,-9.24|0.12,0.18,0.43,-13.23,3.31,-9.43
0.13,0.00,0.13,-14.51,0.00,-18.26|0.00,0.02,0.38,-6.62,7.53,-24.41|0.13,0.19,0.44,-6.37,-0.37,-16.76
0.13,0.00,0.05,-13.29,-2.84,-11.73|0.00,0.01,0.43,-5.68,6.84,-15.51|0.13,0.20,0.43,-4.51,-0.86,-10.73
0.13,0.00,0.13,-15.51,-2.53,-11.23|0.00,0.02,0.38,-7.75,5.89,-14.16|0.13,0.19,0.44,-3.66,-2.24,-10.21
0.12,0.00,0.13,-11.73,-2.67,-7.30|0.10,0.01,0.44,-6.82,3.91,-5.31|0.12,0.19,0.44,-2.54,-1.70,-4.67
0.12,0.03,0.13,-9.45,-3.77,-3.82|0.10,0.01,0.44,-5.85,4.92,-5.80|0.12,0.17,0.43,-1.09,-2.69,-2.14
0.12,0.03,0.13,-8.76,-2.87,-3.36|0.10,0.02,0.38,-5.10,1.47,-3.60|0.12,0.18,0.43,-0.01,-2.47,-1.81
0.11,0.04,0.13,-7.69,-2.92,0.25|0.10,0.01,0.38,-3.05,1.10,0.00|0.12,0.18,0.44,-0.13,-2.82,0.48
0.11,0.03,0.13,-5.86,-3.89,0.07|0.10,0.01,0.44,-2.56,0.89,0.53|0.12,0.18,0.44,-2.08,-3.15,0.83
0.12,0.04,0.13,-7.69,-3.42,0.00|0.10,0.02,0.38,-3.88,3.91,1.01|0.12,0.17,0.43,-3.44,-2.01,0.66
0.11,0.03,0.13,-4.63,-3.39,-0.97|0.09,0.01,0.44,-6.58,1.04,0.50|0.11,0.18,0.44,-4.64,-2.56,-0.20
0.11,0.03,0.13,-5.25,-1.80,2.00|0.10,0.01,0.44,-5.79,1.95,0.85|0.12,0.18,0.43,-5.13,-1.74,2.63
0.11,0.04,0.13,-7.76,-5.53,3.18|0.09,0.01,0.44,-5.62,1.99,1.04|0.11,0.18,0.44,-4.05,-1.13,3.06
0.11,0.03,0.06,-7.69,-3.85,4.00|0.09,0.01,0.43,-3.63,0.50,0.56|0.11,0.18,0.43,-3.48,-1.55,3.91
0.11,0.04,0.13,-6.84,-3.79,3.08|0.09,0.01,0.38,-6.50,1.28,0.98|0.11,0.19,0.44,-4.41,-0.18,3.30
0.11,0.03,0.13,-7.08,-3.48,4.08|0.10,0.00,0.38,-4.79,1.97,0.12|0.11,0.17,0.44,-4.94,-1.47,4.08
0.00,0.04,0.07,-3.91,-1.95,1.05|0.09,0.01,0.38,-3.88,0.00,0.98|0.11,0.18,0.44,-3.66,-1.93,1.21
0.00,0.04,0.07,-3.89,-2.81,1.95|0.10,0.00,0.38,-3.60,1.28,1.95|0.11,0.17,0.44,-3.32,-2.15,1.98
0.11,0.03,0.13,-3.90,-3.79,0.01|0.10,0.01,0.38,-3.88,0.38,0.24|0.11,0.18,0.43,-3.15,-2.66,0.49
0.11,0.03,0.13,-5.31,-3.88,1.11|0.11,0.02,0.44,-4.37,0.39,0.49|0.11,0.18,0.43,-4.50,-2.84,1.48
0.11,0.03,0.13,-5.50,-2.75,-0.96|0.09,0.00,0.43,-0.01,-0.01,-0.01|0.11,0.18,0.44,-4.58,-2.56,-0.29
0.10,0.03,0.13,-5.86,-3.91,0.99|0.11,0.01,0.38,-7.47,0.99,0.04|0.11,0.18,0.44,-4.31,-2.43,1.04
0.11,0.04,0.13,-5.32,-3.79,0.25|0.09,0.02,0.38,-7.82,0.49,0.13|0.11,0.18,0.44,-4.30,-2.62,0.46
0.11,0.03,0.13,-7.76,-3.89,2.56|0.09,0.02,0.38,-3.82,0.15,0.10|0.11,0.18,0.44,-3.63,-2.05,2.37
0.10,0.03,0.06,-7.58,-3.54,2.20|0.11,0.01,0.38,-3.84,0.18,0.01|0.11,0.18,0.43,-3.55,-1.46,1.96
0.11,0.03,0.13,-7.68,-3.18,0.06|0.10,0.01,0.44,-3.87,0.12,0.50|0.11,0.18,0.44,-3.40,-2.15,1.65
0.11,0.02,0.06,-7.81,-2.78,1.28|0.10,0.01,0.44,-3.36,0.64,0.00|0.11,0.18,0.44,-3.02,-1.79,1.25
0.10,0.03,0.13,-7.07,-3.85,0.24|0.09,0.00,0.38,-3.82,2.04,0.02|0.11,0.18,0.44,-3.34,-1.67,0.20
0.00,0.03,0.13,-4.87,-1.94,0.85|0.10,0.01,0.38,-7.20,2.55,0.61|0.11,0.18,0.44,-4.42,-1.37,1.79
0.11,0.03,0.13,-7.18,-1.87,0.43|0.10,0.01,0.44,-3.76,2.08,0.20|0.11,0.18,0.44,-3.03,-1.56,1.58
0.11,0.03,0.06,-3.63,-3.30,3.07|0.09,0.01,0.44,-3.66,1.79,2.63|0.11,0.18,0.44,-2.56,-2.26,3.63
0.11,0.03,0.06,-3.85,-3.69,2.21|0.09,0.01,0.38,-3.05,0.57,0.64|0.11,0.19,0.43,-2.89,-2.16,2.79
0.11,0.03,0.13,-7.79,-1.68,3.18|0.09,0.02,0.43,-3.80,0.04,1.01|0.11,0.18,0.43,-3.79,-1.60,3.29
0.11,0.04,0.06,-4.64,-1.46,2.51|0.10,0.00,0.38,-6.03,0.79,0.52|0.11,0.18,0.44,-4.06,-0.95,2.74
0.10,0.03,0.06,-4.27,-3.21,2.44|0.09,0.01,0.44,-6.64,1.95,1.97|0.11,0.19,0.44,-3.85,-1.37,2.80
0.11,0.03,0.06,-7.33,-3.40,3.73|0.10,0.01,0.38,-3.66,2.60,0.03|0.11,0.18,0.44,-3.56,-1.13,3.44
0.11,0.03,0.13,-7.56,-3.71,3.63|0.11,0.01,0.44,-3.66,2.44,1.04|0.11,0.18,0.44,-3.50,-0.98,3.89
0.10,0.04,0.06,-7.62,-2.88,3.08|0.09,0.01,0.38,-3.50,2.93,1.14|0.11,0.18,0.44,-3.82,-0.87,3.05
0.11,0.03,0.13,-7.82,-3.90,1.73|0.09,0.02,0.38,-6.60,2.12,0.55|0.11,0.18,0.44,-4.15,-1.08,1.56
0.11,0.03,0.13,-7.23,-2.63,1.16|0.09,0.01,0.38,-5.78,1.98,0.98|0.11,0.18,0.44,-4.15,-1.91,1.22
0.11,0.03,0.06,-7.69,-3.79,-0.50|0.09,0.01,0.44,-3.89,1.95,0.99|0.11,0.18,0.44,-3.92,-1.82,-0.19
0.11,0.00,0.06,-5.79,-2.72,0.04|0.09,0.02,0.43,-7.66,1.01,0.05|0.11,0.18,0.44,-5.21,-2.84,1.66
0.00,0.03,0.07,-4.78,-3.89,1.97|0.09,0.01,0.44,-6.35,0.01,2.34|0.11,0.18,0.44,-4.35,-2.57,2.51
0.11,0.04,0.07,-7.76,-3.73,2.44|0.08,0.00,0.44,-3.66,0.53,1.95|0.11,0.18,0.44,-3.67,-3.34,3.23
0.11,0.03,0.06,-3.89,-3.62,0.14|0.10,0.01,0.38,-6.99,0.25,0.04|0.11,0.18,0.43,-2.95,-3.11,1.82
0.11,0.03,0.06,-7.32,-3.91,2.72|0.10,0.01,0.38,-7.08,0.00,0.07|0.11,0.18,0.43,-2.78,-3.28,2.60
0.11,0.03,0.05,-7.54,-3.24,2.28|0.09,0.01,0.43,-6.98,0.14,0.12|0.11,0.18,0.43,-3.18,-2.70,3.11
0.11,0.03,0.05,-7.82,-3.63,2.55|0.10,0.01,0.44,-7.27,0.55,0.49|0.11,0.18,0.44,-3.04,-2.18,2.76
0.11,0.04,0.13,-7.76,-2.68,2.40|0.10,0.02,0.38,-7.32,0.06,2.47|0.11,0.18,0.43,-3.18,-2.57,2.45
0.11,0.03,0.05,-7.28,-2.81,1.22|0.10,0.01,0.44,-7.57,1.50,1.24|0.11,0.18,0.44,-3.20,-2.37,1.53
0.11,0.03,0.13,-7.76,-2.85,0.00|0.09,0.02,0.38,-6.78,0.02,0.26|0.11,0.18,0.43,-3.91,-2.63,0.23
0.11,0.03,0.13,-7.75,-2.56,0.00|0.10,0.01,0.44,-5.98,0.77,0.98|0.11,0.18,0.44,-3.90,-2.79,1.05
0.11,0.04,0.05,-6.03,-3.91,-0.98|0.10,0.02,0.38,-5.74,0.00,1.05|0.11,0.18,0.43,-4.11,-2.92,-0.32
0.11,0.00,0.06,-7.69,-3.76,-1.18|0.10,0.00,0.44,-7.27,1.22,0.67|0.11,0.19,0.44,-5.08,-2.72,0.10
0.11,0.04,0.06,-7.69,-2.28,3.93|0.10,0.00,0.38,-6.84,0.98,4.44|0.11,0.18,0.43,-4.39,-1.81,4.22
0.11,0.04,0.06,-3.91,-3.83,2.44|0.09,0.01,0.38,-3.86,0.50,2.69|0.11,0.19,0.44,-3.72,-1.38,4.13
0.00,0.03,0.13,-3.87,-3.40,4.15|0.09,0.00,0.44,-5.98,1.98,3.94|0.11,0.18,0.44,-3.89,-1.90,3.93
0.11,0.03,0.06,-3.90,-3.41,4.16|0.09,0.01,0.38,-7.82,0.61,0.03|0.11,0.18,0.44,-3.90,-1.37,4.29
0.11,0.04,0.05,-7.69,-3.19,4.04|0.10,0.01,0.38,-4.27,0.18,0.50|0.11,0.18,0.44,-4.07,-1.50,4.67
0.11,0.03,0.06,-3.91,-3.36,4.16|0.09,0.01,0.38,-3.60,0.73,0.18|0.11,0.18,0.44,-3.52,-1.20,4.76
0.11,0.03,0.06,-3.83,-2.19,4.15|0.09,0.01,0.44,-7.13,1.47,4.19|0.11,0.18,0.44,-2.86,-1.92,4.10
0.11,0.04,0.05,-6.72,-3.72,2.95|0.10,0.01,0.38,-3.83,0.34,1.04|0.11,0.18,0.44,-2.48,-3.07,2.63
0.11,0.04,0.06,-3.37,-2.80,2.94|0.09,0.01,0.44,-3.54,0.51,0.02|0.11,0.18,0.44,-2.25,-2.77,3.34
0.11,0.03,0.06,-7.80,-2.81,3.05|0.09,0.00,0.44,-3.90,1.30,0.98|0.11,0.18,0.44,-2.56,-2.50,3.66
0.11,0.04,0.06,-7.75,-3.76,2.56|0.10,0.00,0.38,-2.89,0.28,0.03|0.11,0.18,0.44,-2.64,-3.18,2.56
0.00,0.04,0.13,-6.75,-2.93,0.52|0.09,0.02,0.44,-7.25,0.10,0.49|0.11,0.18,0.44,-4.44,-3.08,1.53
0.12,0.03,0.06,-7.79,-2.81,0.50|0.09,0.00,0.43,-7.75,1.00,0.01|0.12,0.18,0.43,-4.56,-2.57,0.48
0.11,0.04,0.07,-5.03,-3.80,0.75|0.10,0.01,0.44,-6.60,1.14,1.97|0.11,0.18,0.44,-4.68,-2.58,2.24
0.11,0.03,0.05,-7.79,-3.91,0.24|0.09,0.02,0.44,-7.82,0.00,0.00|0.11,0.18,0.44,-4.74,-2.86,0.03
0.12,0.03,0.13,-4.73,-3.80,0.02|0.10,0.02,0.38,-7.81,0.98,0.85|0.11,0.19,0.44,-4.71,-2.63,0.01
0.11,0.04,0.05,-5.24,-2.56,1.22|0.09,0.01,0.44,-6.79,0.98,0.01|0.12,0.18,0.43,-4.73,-2.27,0.89
0.11,0.04,0.06,-4.69,-3.82,0.40|0.09,0.01,0.44,-6.81,2.23,0.00|0.11,0.19,0.44,-4.73,-1.72,1.11
0.11,0.03,0.06,-7.80,-3.91,1.36|0.09,0.01,0.38,-6.84,0.18,0.05|0.11,0.18,0.44,-3.85,-2.47,1.31
0.11,0.04,0.05,-7.32,-3.63,1.10|0.10,0.01,0.38,-3.39,1.53,0.00|0.11,0.18,0.43,-3.60,-2.29,1.69
0.00,0.03,0.13,-7.33,-3.76,1.02|0.10,0.00,0.43,-3.65,1.36,0.98|0.11,0.18,0.43,-3.45,-2.31,1.68
0.11,0.03,0.06,-7.79,-3.41,1.47|0.10,0.00,0.38,-3.86,1.31,0.73|0.11,0.18,0.44,-3.66,-2.28,1.88
0.11,0.03,0.06,-3.77,-3.88,0.53|0.09,0.01,0.44,-3.91,1.96,0.26|0.12,0.18,0.44,-4.05,-1.79,0.52
0.12,0.03,0.06,-7.69,-3.27,1.13|0.10,0.01,0.43,-4.89,0.02,0.04|0.12,0.17,0.44,-4.34,-2.23,1.61
0.12,0.04,0.06,-3.85,-3.66,1.27|0.10,0.01,0.44,-3.80,1.04,1.47|0.11,0.18,0.43,-3.37,-2.34,2.18
0.11,0.04,0.06,-3.66,-3.66,1.10|0.09,0.00,0.44,-3.88,1.37,0.00|0.12,0.18,0.43,-3.53,-3.05,1.25
0.11,0.03,0.05,-3.02,-3.65,0.56|0.10,0.00,0.38,-3.30,0.37,0.00|0.11,0.18,0.43,-3.09,-2.70,0.42
0.11,0.00,0.05,-7.57,-2.69,1.19|0.09,0.01,0.43,-3.88,0.02,1.01|0.11,0.18,0.44,-3.73,-2.44,1.24
0.11,0.04,0.06,-7.50,-3.79,0.06|0.09,0.01,0.38,-3.77,0.38,0.00|0.11,0.18,0.44,-3.82,-2.02,0.32
0.12,0.03,0.06,-7.76,-1.82,0.98|0.09,0.01,0.38,-3.89,0.50,0.05|0.12,0.18,0.43,-3.27,-1.34,0.87
0.11,0.04,0.06,-7.36,-1.83,2.08|0.09,0.01,0.44,-3.85,0.07,0.08|0.11,0.18,0.44,-3.48,-2.02,2.42
0.11,0.04,0.06,-7.82,-2.79,1.10|0.10,0.00,0.38,-3.88,0.00,0.31|0.12,0.18,0.43,-3.53,-2.27,1.19
0.11,0.03,0.06,-6.28,-3.42,1.02|0.09,0.01,0.38,-6.72,0.31,0.03|0.11,0.18,0.44,-4.11,-2.32,1.19
0.11,0.04,0.06,-7.82,-3.91,0.62|0.09,0.00,0.38,-3.90,2.05,0.00|0.11,0.18,0.44,-4.11,-1.71,0.94
0.11,0.00,0.06,-4.82,-2.92,0.55|0.10,0.01,0.44,-4.58,1.13,0.61|0.12,0.18,0.44,-4.65,-2.44,0.93
0.11,0.04,0.05,-3.91,-2.97,0.51|0.10,0.01,0.38,-6.25,0.62,0.00|0.11,0.18,0.44,-3.73,-3.02,0.71
0.00,0.04,0.06,-3.66,-2.84,0.98|0.10,0.01,0.38,-3.50,0.00,1.60|0.12,0.18,0.44,-3.68,-2.50,1.49
0.11,0.03,0.05,-3.89,-3.91,0.08|0.10,0.02,0.38,-7.59,0.14,0.58|0.11,0.18,0.43,-3.77,-2.53,0.66
0.00,0.03,0.13,-4.76,-2.93,1.13|0.10,0.01,0.44,-7.30,0.07,1.18|0.11,0.18,0.44,-4.18,-2.63,1.28
0.12,0.03,0.05,-4.89,-3.89,0.05|0.10,0.01,0.43,-6.29,0.17,1.79|0.11,0.18,0.44,-4.19,-2.07,0.09
0.11,0.00,0.06,-4.76,-3.56,0.31|0.10,0.01,0.44,-6.83,1.95,0.26|0.11,0.19,0.44,-4.15,-1.97,0.60
0.12,0.03,0.06,-7.81,-3.50,1.01|0.09,0.00,0.44,-3.91,0.06,0.49|0.11,0.18,0.44,-3.56,-2.79,0.66
0.11,0.03,0.05,-7.79,-3.63,1.11|0.10,0.01,0.38,-3.79,1.02,0.00|0.11,0.18,0.43,-3.38,-2.55,1.70
0.11,0.03,0.13,-7.56,-3.89,1.10|0.10,0.00,0.38,-3.76,1.24,0.00|0.11,0.18,0.44,-3.67,-2.23,1.30
0.00,0.04,0.05,-7.81,-2.93,0.15|0.09,0.00,0.38,-3.91,1.47,0.07|0.11,0.17,0.43,-3.55,-2.44,-0.11
0.11,0.04,0.13,-7.75,0.06,-1.95|0.10,0.00,0.38,-4.89,0.00,0.85|0.11,0.18,0.44,-4.61,-2.90,-0.89
0.11,0.04,0.06,-3.91,-3.63,-1.20|0.09,0.01,0.38,-3.79,1.04,0.00|0.11,0.18,0.43,-3.68,-2.40,0.04
0.00,0.04,0.06,-7.80,-2.87,1.96|0.10,0.01,0.38,-3.89,1.01,2.23|0.12,0.18,0.43,-3.56,-2.42,2.84
0.00,0.04,0.06,-3.88,-3.42,-0.95|0.10,0.01,0.38,-3.88,0.49,-0.92|0.11,0.18,0.44,-3.62,-3.18,-0.77
0.11,0.03,0.13,-4.70,0.00,-0.61|0.10,0.01,0.44,-4.40,1.24,1.47|0.11,0.18,0.43,-4.08,-2.63,-0.51
0.11,0.04,0.06,-5.25,-1.90,-0.13|0.10,0.01,0.43,-6.33,0.53,0.00|0.11,0.18,0.44,-4.14,-2.25,0.20
0.11,0.00,0.13,-7.69,-1.53,1.15|0.09,0.01,0.38,-6.43,2.14,1.25|0.11,0.19,0.44,-3.95,-1.64,1.18
0.11,0.03,0.06,-7.57,-1.92,2.12|0.10,0.01,0.38,-3.66,1.95,1.53|0.11,0.18,0.43,-3.70,-1.66,2.04
0.11,0.04,0.06,-7.69,-1.83,2.93|0.09,0.01,0.43,-3.40,0.27,1.97|0.11,0.18,0.43,-3.27,-1.48,2.92
0.11,0.03,0.13,-7.27,-3.90,3.18|0.10,0.00,0.43,-3.41,2.02,0.50|0.11,0.18,0.43,-3.42,-1.72,3.59
0.11,0.04,0.06,-7.74,-3.79,0.00|0.09,0.00,0.38,-3.85,1.95,0.53|0.11,0.17,0.43,-3.66,-2.03,1.34
0.11,0.04,0.13,-7.64,-2.44,-1.71|0.10,0.02,0.38,-7.80,0.98,-1.22|0.11,0.19,0.44,-4.77,-2.56,-1.06
0.11,0.04,0.05,-4.87,-2.44,0.14|0.09,0.01,0.38,-6.84,0.64,0.15|0.11,0.18,0.44,-4.53,-2.49,1.11
0.11,0.04,0.06,-4.88,-2.56,1.22|0.09,0.01,0.38,-5.65,0.31,1.26|0.11,0.19,0.44,-4.04,-2.66,1.77
0.00,0.03,0.05,-7.32,-3.42,0.00|0.09,0.01,0.38,-7.05,1.00,0.73|0.11,0.18,0.44,-4.09,-2.59,0.79
0.11,0.04,0.06,-7.80,-3.40,1.96|0.10,0.02,0.44,-7.63,2.00,0.27|0.12,0.18,0.43,-3.92,-2.25,2.25
0.11,0.03,0.06,-7.82,-3.26,1.98|0.10,0.01,0.38,-3.79,0.15,0.00|0.12,0.18,0.44,-3.92,-2.41,1.85
0.11,0.03,0.13,-7.33,-2.75,2.96|0.10,0.01,0.38,-3.63,1.05,0.03|0.11,0.18,0.44,-3.29,-2.48,3.11
0.00,0.04,0.07,-7.54,-2.64,3.46|0.09,0.00,0.38,-3.53,0.24,3.02|0.11,0.18,0.44,-3.56,-2.53,3.24
0.11,0.04,0.06,-7.71,-3.88,2.95|0.10,0.02,0.38,-3.79,1.04,0.89|0.11,0.18,0.44,-3.80,-2.98,3.08
0.11,0.03,0.13,-7.33,-3.89,2.48|0.09,0.00,0.38,-7.33,0.52,0.03|0.11,0.18,0.43,-3.55,-3.11,2.48
0.11,0.03,0.05,-7.78,-3.88,2.08|0.10,0.01,0.38,-3.63,0.24,2.21|0.11,0.18,0.43,-3.50,-3.41,2.15
0.11,0.04,0.13,-3.89,-2.86,0.18|0.10,0.01,0.44,-7.82,0.25,0.00|0.11,0.18,0.44,-4.11,-2.95,-0.12
0.12,0.04,0.06,-4.52,-3.17,0.26|0.10,0.01,0.38,-5.62,0.03,0.98|0.12,0.18,0.44,-4.24,-3.10,1.31
0.11,0.03,0.06,-7.31,-3.79,0.01|0.10,0.01,0.44,-3.62,1.28,1.47|0.12,0.18,0.44,-3.55,-2.77,1.81
0.12,0.03,0.06,-3.68,-3.40,2.71|0.09,0.00,0.44,-3.90,0.55,0.27|0.12,0.18,0.44,-3.76,-3.30,2.29
0.11,0.03,0.13,-7.19,-3.60,0.12|0.10,0.01,0.38,-4.55,0.99,1.16|0.12,0.18,0.43,-4.19,-3.05,1.53
0.11,0.03,0.06,-5.81,-3.40,2.44|0.10,0.00,0.42,-7.41,1.05,2.02|0.11,0.18,0.44,-5.15,-2.13,2.40
0.11,0.03,0.06,-7.82,-3.28,2.56|0.09,0.01,0.38,-5.85,2.20,0.73|0.11,0.18,0.43,-5.33,-1.60,2.49
0.11,0.03,0.13,-5.18,-1.94,1.98|0.09,0.00,0.44,-7.08,2.23,0.04|0.12,0.18,0.44,-4.93,-1.81,2.15
0.11,0.04,0.06,-7.72,-1.95,2.00|0.10,0.01,0.38,-5.86,1.95,0.12|0.11,0.19,0.44,-4.44,-1.68,2.32
0.11,0.04,0.13,-5.79,-2.93,1.96|0.10,0.01,0.43,-5.37,0.52,1.40|0.12,0.18,0.44,-4.12,-2.08,2.00
0.00,0.03,0.06,-7.74,-3.39,1.08|0.10,0.00,0.38,-5.11,0.53,1.47|0.12,0.18,0.44,-3.86,-2.20,1.67
0.11,0.04,0.13,-6.71,-2.44,0.09|0.10,0.01,0.38,-6.63,1.37,0.00|0.12,0.18,0.43,-4.05,-1.87,1.11
0.11,0.03,0.06,-4.59,-2.56,1.98|0.10,0.00,0.43,-7.39,0.98,0.05|0.12,0.17,0.44,-4.36,-2.85,2.69
0.11,0.03,0.06,-3.66,-2.93,2.56|0.10,0.01,0.44,-3.69,0.31,0.37|0.12,0.18,0.44,-3.89,-2.69,3.07
0.12,0.04,0.13,-3.85,-3.82,0.98|0.09,0.00,0.44,-7.57,0.00,1.22|0.12,0.17,0.44,-3.63,-3.18,1.31
0.11,0.03,0.05,-3.91,-2.44,0.98|0.09,0.01,0.38,-7.82,0.24,0.27|0.12,-0.00,-0.00,-0.01,-0.01,-0.01
0.11,0.04,0.05,-6.05,-3.73,0.12|0.09,0.00,0.38,-7.57,0.33,0.00|0.11,0.18,0.44,-3.89,-2.60,0.40
0.11,0.03,0.06,-7.73,-2.93,0.08|0.09,0.01,0.38,-3.91,0.98,0.02|0.12,0.18,0.44,-3.85,-2.02,0.57
0.12,0.03,0.06,-7.80,-3.39,-0.49|0.10,0.00,0.38,-3.91,0.98,0.25|0.12,0.18,0.43,-3.90,-2.23,-0.28
0.12,0.04,0.06,-7.81,-3.63,-0.73|0.09,0.02,0.38,-3.88,0.05,1.08|0.12,0.18,0.44,-3.79,-2.52,0.16
0.00,0.03,0.06,-7.66,-3.85,-0.47|0.09,0.00,0.38,-3.88,1.24,0.76|0.12,0.18,0.43,-3.41,-2.89,0.11
0.12,0.04,0.05,-6.41,-3.82,0.09|0.10,0.01,0.38,-3.91,1.50,0.49|0.12,0.18,0.43,-3.91,-2.27,0.38
0.11,0.04,0.06,-7.69,-3.85,-0.61|0.10,0.02,0.44,-7.68,1.66,0.14|0.12,0.18,0.44,-4.73,-2.18,-0.45
0.12,0.04,0.05,-4.63,-2.40,0.14|0.09,0.00,0.38,-7.81,0.00,0.49|0.12,0.18,0.43,-4.37,-1.92,0.85
0.12,0.04,0.06,-7.80,-2.93,0.25|0.09,0.02,0.38,-3.89,0.73,0.02|0.12,0.18,0.44,-3.60,-2.27,0.58
0.12,0.04,0.06,-3.79,-3.38,-0.49|0.08,0.00,0.38,-3.80,0.76,0.49|0.12,0.18,0.44,-3.74,-2.98,-0.32
0.12,0.04,0.06,-7.08,-2.78,-0.41|0.09,0.01,0.38,-3.90,0.38,0.52|0.12,0.18,0.43,-3.92,-2.72,-0.44
0.11,0.04,0.06,-5.69,-1.86,0.00|0.10,0.01,0.43,-6.69,0.98,1.95|0.11,0.18,0.43,-4.21,-1.94,-0.09
0.00,0.03,0.06,-4.29,-3.18,0.49|0.09,0.01,0.38,-6.44,1.47,0.49|0.11,0.18,0.44,-4.07,-1.87,0.53
0.11,0.03,0.06,-7.50,-1.92,0.00|0.10,0.01,0.38,-3.39,1.04,0.02|0.11,0.18,0.44,-3.28,-1.87,-0.08
0.11,0.04,0.06,-7.54,-3.42,1.53|0.10,0.02,0.38,-3.85,2.14,0.60|0.11,0.18,0.44,-3.27,-1.65,1.95
0.11,0.04,0.05,-7.82,-2.92,1.40|0.10,0.00,0.38,-3.41,0.07,0.00|0.11,0.18,0.43,-3.33,-2.17,1.87
0.11,0.03,0.06,-7.53,-3.47,0.49|0.10,0.01,0.44,-3.91,0.14,0.31|0.11,0.18,0.44,-3.58,-2.40,0.46
0.11,0.04,0.06,-7.33,-3.54,-0.92|0.10,0.01,0.44,-7.56,0.00,0.07|0.11,0.19,0.44,-4.68,-2.59,-0.24
0.11,0.04,0.05,-7.76,-2.20,0.79|0.10,0.00,0.43,-7.45,1.64,0.00|0.12,0.18,0.43,-4.28,-1.82,1.91
0.00,0.04,0.05,-4.89,-2.90,2.81|0.10,0.01,0.44,-3.90,1.04,0.81|0.11,0.18,0.44,-3.98,-2.19,2.96
0.11,0.03,0.06,-3.91,-3.73,0.98|0.09,0.00,0.44,-3.84,0.06,0.00|0.11,0.17,0.43,-3.89,-2.98,0.79
0.11,0.03,0.06,-3.89,-3.66,0.98|0.09,0.01,0.38,-7.73,0.26,0.26|0.11,0.18,0.44,-3.76,-2.39,0.85
0.11,0.04,0.05,-4.85,-3.02,0.98|0.09,0.00,0.38,-7.31,0.50,1.10|0.11,0.18,0.43,-4.07,-2.04,1.10
0.11,0.03,0.06,-3.90,-1.71,2.24|0.09,0.02,0.39,-3.66,2.02,2.27|0.11,0.18,0.43,-3.53,-1.60,2.15
0.11,0.03,0.06,-7.82,-3.57,1.95|0.10,0.01,0.44,-3.79,0.98,0.02|0.11,0.18,0.44,-3.56,-2.23,2.28
0.11,0.04,0.07,-7.81,-3.79,1.40|0.09,0.00,0.44,-3.88,0.80,1.17|0.11,0.18,0.44,-3.70,-2.31,1.94
0.11,0.03,0.06,-5.44,-3.68,1.27|0.10,0.00,0.38,-3.76,1.01,0.49|0.11,0.18,0.43,-3.85,-2.76,1.63
0.11,0.03,0.06,-5.43,-2.40,0.53|0.09,0.01,0.38,-5.85,1.47,0.89|0.11,0.18,0.43,-4.32,-2.50,0.83
0.11,0.04,0.07,-6.81,-3.82,0.08|0.09,0.01,0.44,-7.07,1.53,0.50|0.12,0.18,0.44,-5.02,-2.08,0.94
0.11,0.05,0.06,-7.79,-2.92,2.50|0.09,0.01,0.44,-7.63,0.24,2.94|0.12,0.18,0.43,-4.58,-2.45,3.58
0.11,0.04,0.13,-7.81,-2.68,1.95|0.09,0.01,0.38,-3.81,0.99,0.49|0.11,0.18,0.44,-3.69,-2.45,2.89
0.12,0.03,0.06,-6.70,-3.11,0.98|0.09,0.00,0.38,-6.34,0.86,1.19|0.12,0.18,0.43,-4.34,-3.18,1.18
0.11,0.03,0.07,-6.81,-3.40,0.98|0.08,0.01,0.38,-7.82,0.34,2.21|0.11,0.18,0.44,-4.65,-2.33,2.14
0.11,0.04,0.06,-5.85,-3.88,2.08|0.08,0.00,0.43,-7.73,0.26,0.06|0.11,0.18,0.44,-5.16,-2.24,2.25
0.11,0.03,0.05,-7.76,-2.78,1.95|0.09,0.01,0.38,-7.25,1.04,0.00|0.11,0.18,0.43,-4.44,-2.46,2.01
0.11,0.04,0.06,-4.63,-3.39,2.18|0.09,0.00,0.44,-7.75,0.56,0.49|0.11,0.18,0.44,-3.92,-2.24,2.58
0.11,0.03,0.05,-7.76,-3.79,1.98|0.09,0.01,0.44,-3.78,0.62,0.51|0.11,0.18,0.44,-3.37,-2.19,2.53
0.11,0.03,0.06,-7.05,-3.65,0.26|0.10,0.00,0.38,-3.42,0.15,0.11|0.11,0.17,0.44,-3.18,-2.60,1.18
0.00,0.03,0.06,-7.82,-3.79,1.47|0.09,0.00,0.44,-3.89,0.00,0.00|0.12,0.18,0.44,-3.89,-2.87,1.46
0.12,0.04,0.07,-6.82,-2.43,0.50|0.10,0.02,0.44,-7.74,0.50,0.03|0.12,0.18,0.44,-4.69,-2.41,0.66
0.11,0.03,0.06,-7.79,-3.65,2.47|0.09,0.01,0.44,-4.50,1.25,2.02|0.12,0.17,0.44,-4.47,-2.60,2.42
0.00,0.03,0.05,-7.79,-3.66,0.99|0.09,0.02,0.38,-5.89,0.00,0.00|0.12,0.18,0.44,-3.99,-2.95,1.98
0.11,0.03,0.06,-7.08,-3.66,0.14|0.08,0.00,0.44,-7.15,0.02,0.12|0.12,0.17,0.44,-4.11,-2.85,0.56
0.11,0.03,0.06,-7.05,-2.81,1.26|0.09,0.01,0.43,-7.82,0.50,0.16|0.11,0.18,0.44,-4.10,-2.01,1.14
0.00,0.03,0.05,-5.49,-3.36,1.01|0.09,0.00,0.43,-6.78,0.49,1.01|0.12,0.18,0.44,-4.56,-2.00,1.34
0.11,0.04,0.06,-7.82,-3.69,2.08|0.09,0.02,0.38,-3.82,2.02,0.00|0.11,0.18,0.44,-3.91,-1.21,2.21
0.00,0.04,0.06,-7.50,-1.95,1.73|0.09,0.01,0.44,-3.76,2.08,0.74|0.12,0.18,0.44,-3.47,-1.78,1.93
0.12,0.03,0.06,-7.54,-3.76,2.02|0.10,0.00,0.38,-3.91,1.74,2.11|0.12,0.18,0.44,-3.47,-1.73,2.50
0.12,0.03,0.06,-7.59,-3.85,2.10|0.09,0.00,0.44,-3.67,0.00,0.02|0.11,0.17,0.44,-3.56,-1.60,2.33
0.12,0.03,0.05,-5.06,-3.42,1.28|0.09,0.00,0.38,-3.82,0.01,0.00|0.11,0.17,0.44,-3.98,-1.79,1.22
0.11,0.04,0.06,-7.33,-1.34,1.30|0.10,0.01,0.38,-7.53,2.36,0.31|0.12,0.18,0.44,-4.82,-1.63,1.48
0.11,0.04,0.06,-4.09,-3.79,1.97|0.09,0.00,0.44,-6.69,0.24,0.25|0.12,0.17,0.44,-3.97,-1.92,1.75
0.12,0.04,0.06,-7.63,-2.85,2.09|0.10,0.00,0.44,-3.91,1.59,0.24|0.12,0.18,0.44,-3.57,-2.53,2.00
0.11,0.03,0.07,-7.57,-2.93,-0.45|0.08,0.00,0.38,-6.60,0.61,0.11|0.11,0.17,0.44,-3.97,-2.94,-0.23
0.11,0.03,0.06,-7.73,-3.66,-0.23|0.08,0.02,0.38,-7.68,1.01,0.20|0.11,0.18,0.44,-4.40,-2.59,-0.06
0.11,0.05,0.06,-5.74,-3.41,0.21|0.09,0.00,0.44,-6.72,0.19,0.24|0.11,0.18,0.44,-4.27,-2.15,0.14
0.11,0.04,0.05,-4.87,-3.40,0.08|0.09,0.02,0.38,-6.90,0.49,0.04|0.11,0.18,0.44,-3.97,-2.30,0.02
0.11,0.03,0.06,-7.24,-3.89,0.12|0.10,0.00,0.44,-3.79,0.00,0.50|0.11,0.18,0.44,-3.64,-2.39,0.40
0.12,0.04,0.06,-7.82,-3.74,1.97|0.09,0.00,0.38,-3.37,1.50,1.98|0.11,0.18,0.44,-3.47,-2.10,2.24
0.00,0.04,0.06,-7.23,-3.90,1.16|0.08,0.00,0.44,-3.39,1.11,0.43|0.11,0.17,0.44,-3.47,-2.40,1.94
0.11,0.04,0.06,-7.57,-3.66,0.03|0.09,0.00,0.44,-3.91,0.02,0.55|0.12,0.17,0.44,-3.71,-2.88,-0.07
0.11,0.03,0.06,-7.82,-3.79,-0.89|0.09,0.01,0.44,-7.81,1.09,-0.97|0.11,0.18,0.44,-4.53,-2.50,-0.69
0.12,0.03,0.05,-4.82,-3.91,0.49|0.09,0.00,0.44,-7.73,0.37,0.20|0.11,0.18,0.43,-4.72,-2.38,1.00
0.11,0.04,0.06,-7.76,-2.92,0.27|0.09,0.01,0.44,-3.66,0.98,0.50|0.12,0.18,0.44,-3.63,-2.69,0.59
0.12,0.03,0.05,-3.91,-3.90,-0.98|0.08,0.00,0.44,-3.91,0.49,0.62|0.12,0.17,0.44,-3.80,-3.18,-0.52
0.11,0.04,0.06,-7.79,-3.21,-0.98|0.08,0.00,0.38,-7.68,1.14,0.00|0.12,0.18,0.44,-4.26,-3.04,-0.49
0.00,0.03,0.06,-5.74,-3.88,-0.79|0.09,0.01,0.38,-6.94,0.26,1.18|0.11,0.18,0.44,-4.93,-3.06,-0.45
0.11,0.04,0.06,-4.87,-3.39,-0.49|0.10,0.00,0.38,-6.66,0.98,0.98|0.11,0.18,0.44,-4.31,-2.11,-0.45
0.11,0.04,0.06,-7.73,-1.83,0.25|0.10,0.02,0.38,-4.02,0.73,0.04|0.11,0.18,0.44,-3.98,-1.96,1.24
0.11,0.04,0.06,-7.55,-3.40,0.57|0.10,0.01,0.38,-3.89,1.47,0.81|0.11,0.18,0.44,-3.50,-2.40,0.83
0.11,0.04,0.06,-7.78,-3.89,0.99|0.10,0.01,0.44,-3.42,1.71,0.49|0.11,0.18,0.44,-3.23,-2.17,1.85
0.00,0.03,0.06,-7.79,-2.56,1.59|0.10,0.00,0.44,-3.82,0.15,0.06|0.12,0.18,0.44,-3.87,-2.45,1.62
0.11,0.04,0.05,-7.69,-3.85,-0.98|0.09,0.00,0.44,-3.89,0.07,0.24|0.11,0.18,0.44,-3.79,-2.81,-0.56
0.11,0.04,0.06,-4.12,-3.90,1.29|0.10,0.01,0.38,-7.33,1.95,0.28|0.11,0.18,0.44,-4.10,-1.76,1.20
0.12,0.04,0.06,-7.79,-3.17,0.56|0.09,0.01,0.38,-5.61,0.33,0.02|0.11,0.18,0.44,-4.73,-1.99,2.15
0.11,0.03,0.06,-7.82,-3.88,0.50|0.08,0.02,0.44,-3.91,1.23,0.68|0.11,0.18,0.44,-3.65,-2.68,1.82
0.00,0.03,0.06,-7.28,-3.89,0.98|0.08,0.00,0.44,-3.53,0.06,1.47|0.12,0.17,0.44,-3.57,-3.07,1.27
0.11,0.03,0.06,-7.76,-3.90,1.03|0.08,0.00,0.38,-7.82,0.25,0.22|0.12,0.18,0.43,-4.08,-2.76,1.27
0.00,0.04,0.06,-4.89,-3.89,1.37|0.09,0.01,0.38,-7.60,0.50,1.05|0.11,0.18,0.44,-4.56,-2.53,1.39
0.11,0.04,0.05,-7.69,-3.76,0.98|0.10,0.00,0.38,-3.83,0.55,1.11|0.11,0.17,0.43,-3.50,-2.36,1.22
0.11,0.04,0.05,-7.57,-3.85,1.54|0.10,0.01,0.38,-3.91,0.49,0.66|0.11,0.18,0.44,-3.32,-2.08,1.53
0.11,0.03,0.06,-7.27,-3.90,0.98|0.09,0.00,0.44,-3.91,0.62,1.07|0.11,0.17,0.44,-3.44,-2.22,1.05
0.12,0.04,0.06,-7.69,-1.95,1.23|0.09,0.00,0.38,-3.54,1.74,0.82|0.11,0.18,0.44,-3.60,-2.19,1.90
0.12,0.04,0.06,-4.64,-1.82,1.95|0.08,0.00,0.44,-7.24,1.97,2.44|0.12,0.18,0.44,-4.18,-1.91,2.37
0.11,0.03,0.06,-6.80,-3.83,1.23|0.09,0.00,0.44,-7.21,0.12,0.09|0.12,0.17,0.44,-4.09,-2.69,1.25
0.11,0.03,0.06,-6.11,-3.09,1.16|0.10,0.00,0.38,-6.15,0.07,1.05|0.12,0.18,0.43,-3.96,-2.63,1.55
0.11,0.03,0.06,-3.82,-3.42,1.50|0.08,0.01,0.38,-6.79,2.02,0.67|0.11,0.18,0.44,-4.26,-1.31,2.04
0.11,0.03,0.05,-7.81,-1.95,4.04|0.09,0.02,0.38,-4.37,1.98,4.42|0.12,0.17,0.43,-4.21,-1.84,4.37
0.11,0.04,0.06,-3.28,-3.60,0.98|0.09,0.01,0.38,-3.40,0.27,0.54|0.11,0.18,0.43,-2.85,-2.03,1.84
0.00,0.03,0.06,-3.66,-2.92,2.05|0.08,0.00,0.44,-3.79,1.50,0.08|0.11,0.18,0.44,-3.40,-2.33,2.66
0.11,0.04,0.06,-3.90,-3.73,2.34|0.08,0.00,0.38,-3.90,0.27,2.02|0.11,0.18,0.43,-3.56,-1.74,2.63
0.00,0.04,0.06,-4.54,-2.92,2.05|0.09,0.01,0.44,-7.27,0.12,0.37|0.12,0.18,0.44,-4.22,-2.11,2.75
0.11,0.04,0.06,-7.82,-3.89,1.98|0.09,0.00,0.44,-3.66,0.11,0.13|0.12,0.17,0.44,-3.74,-2.19,2.33
0.11,0.04,0.05,-7.39,-3.84,2.11|0.10,0.01,0.38,-3.91,0.13,0.34|0.11,0.18,0.44,-3.34,-2.57,2.40
0.11,0.03,0.06,-7.66,-3.53,0.98|0.10,0.00,0.44,-3.90,1.48,0.16|0.11,0.18,0.44,-3.42,-2.44,1.43
0.11,0.04,0.06,-6.95,-1.95,2.10|0.10,0.00,0.38,-3.91,1.62,0.27|0.11,0.18,0.43,-2.97,-2.28,2.24
0.11,0.03,0.06,-3.85,-3.42,1.15|0.09,0.00,0.38,-3.41,0.10,1.51|0.11,0.18,0.44,-3.18,-2.16,1.62
0.00,0.03,0.13,-7.76,-3.67,0.98|0.10,0.00,0.43,-3.89,0.80,0.93|0.11,0.18,0.44,-3.76,-2.02,1.00
0.00,0.03,0.05,-7.79,-1.69,1.25|0.10,0.00,0.44,-6.94,0.09,0.00|0.11,0.18,0.44,-3.96,-1.74,1.60
0.11,0.04,0.13,-7.82,-1.57,0.24|0.09,0.00,0.38,-7.57,2.33,0.49|0.11,0.18,0.44,-4.26,-1.78,0.64
0.11,0.03,0.05,-4.39,-2.81,1.13|0.09,0.02,0.43,-7.43,0.98,1.47|0.12,0.17,0.44,-4.52,-1.97,1.60
0.12,0.04,0.06,-4.79,-2.68,1.05|0.09,0.01,0.38,-5.69,1.10,0.98|0.12,0.18,0.44,-4.25,-2.65,1.77
0.11,0.03,0.04,-7.45,-3.46,0.24|0.08,0.00,0.38,-6.11,0.09,0.50|0.11,0.18,0.44,-4.09,-3.05,0.47
0.11,0.03,0.05,-7.08,-3.90,0.26|0.09,0.01,0.38,-7.31,1.05,0.02|0.11,0.18,0.43,-4.27,-2.71,0.99
0.11,0.04,0.06,-5.22,-2.93,0.03|0.09,0.00,0.38,-7.05,0.01,0.65|0.11,0.18,0.43,-4.67,-2.85,0.70
0.11,0.03,0.06,-4.63,-3.91,0.00|0.09,0.01,0.38,-6.05,0.37,0.32|0.12,0.18,0.44,-3.74,-2.18,0.23
0.12,0.04,0.06,-7.61,-3.79,1.53|0.10,0.01,0.38,-3.63,0.27,0.25|0.12,0.18,0.43,-3.82,-2.23,1.58
0.00,0.04,0.05,-7.81,-3.65,1.38|0.10,0.01,0.38,-3.91,0.98,0.06|0.11,0.18,0.43,-3.24,-2.27,2.06
0.11,0.03,0.05,-7.73,-2.69,1.23|0.10,0.00,0.44,-3.91,0.98,1.23|0.11,0.18,0.44,-3.04,-2.50,1.65
0.11,0.03,0.06,-6.83,-2.89,1.13|0.10,0.00,0.38,-6.78,0.98,0.52|0.12,0.18,0.44,-2.68,-2.76,1.76
0.11,0.03,0.05,-7.57,-3.05,1.04|0.08,0.00,0.43,-3.91,0.37,0.27|0.11,0.18,0.44,-3.05,-2.93,1.31
0.11,0.03,0.05,-7.21,-3.84,0.03|0.09,0.00,0.38,-3.36,1.01,0.98|0.11,0.18,0.44,-3.35,-2.62,1.26
0.11,0.04,0.06,-4.36,-2.61,0.00|0.09,0.02,0.44,-4.81,0.24,0.06|0.11,0.18,0.44,-4.54,-2.71,0.71
0.11,0.04,0.06,-4.76,-3.82,-0.93|0.10,0.01,0.38,-3.90,0.06,-0.49|0.12,0.17,0.44,-3.80,-2.82,-0.74
0.11,0.04,0.06,-7.48,-3.76,-1.44|0.10,0.01,0.38,-3.88,0.25,1.18|0.12,0.18,0.44,-3.48,-3.35,-0.27
0.11,0.03,0.06,-7.33,-3.79,-1.89|0.08,0.00,0.44,-5.98,0.62,0.00|0.11,0.18,0.44,-4.33,-3.31,-1.80
0.11,0.04,0.06,-7.28,-2.92,0.15|0.09,0.01,0.38,-7.43,0.99,0.24|0.12,0.18,0.43,-4.49,-2.60,0.18
0.12,0.04,0.13,-5.79,0.12,0.02|0.09,0.01,0.43,-6.82,0.01,0.24|0.12,0.18,0.44,-4.54,-2.82,0.16
0.11,0.04,0.06,-7.77,-3.18,-0.96|0.10,0.01,0.38,-6.71,0.29,1.01|0.12,0.18,0.44,-3.98,-3.08,-0.69
0.11,0.04,0.06,-7.66,-3.90,1.14|0.10,0.01,0.38,-7.44,0.37,0.52|0.12,0.19,0.43,-3.79,-2.60,1.47
0.11,0.04,0.06,-7.82,-3.33,2.13|0.09,0.01,0.44,-3.88,0.00,0.02|0.12,0.18,0.43,-3.23,-2.17,2.16
0.12,0.04,0.07,-7.82,-2.93,2.15|0.09,0.01,0.44,-3.84,1.23,0.01|0.12,0.18,0.44,-2.92,-2.58,2.21
0.12,0.04,0.06,-7.31,-3.90,1.04|0.09,0.01,0.44,-3.76,0.24,1.10|0.12,0.18,0.44,-3.24,-3.20,1.37
0.11,0.03,0.06,-6.47,-3.91,-0.82|0.10,0.00,0.44,-3.82,0.61,0.00|0.12,0.18,0.44,-3.89,-3.40,-0.12
0.11,0.04,0.05,-6.35,-2.93,0.02|0.09,0.01,0.44,-6.80,0.98,0.25|0.11,0.18,0.44,-4.23,-2.71,-0.04
0.12,0.04,0.06,-7.82,-3.85,0.00|0.09,0.01,0.38,-4.89,1.08,0.12|0.12,0.19,0.44,-4.66,-2.78,1.17
0.12,0.05,0.06,-4.52,-3.86,0.06|0.10,0.00,0.38,-7.27,0.55,0.98|0.12,0.17,0.44,-4.20,-2.40,1.33
0.00,0.05,0.06,-5.86,-3.88,0.72|0.09,0.00,0.38,-3.85,0.37,0.50|0.12,0.18,0.44,-0.01,-0.01,-0.01
0.11,0.03,0.06,-4.81,-3.57,-1.89|0.09,0.00,0.38,-4.37,3.92,-1.68|0.12,0.18,0.43,-4.11,-3.68,-1.73
0.12,0.04,0.13,-5.38,-3.18,-1.95|0.10,0.01,0.38,-7.03,0.99,0.04|0.12,0.18,0.43,-5.07,-2.98,-1.06
0.12,0.04,0.06,-5.80,-3.87,0.00|0.09,0.01,0.38,-7.63,1.18,0.02|0.12,0.18,0.44,-4.80,-2.59,0.69
0.12,0.03,0.06,-4.64,-3.85,0.31|0.10,0.01,0.38,-4.12,1.02,0.00|0.12,0.18,0.44,-4.11,-2.85,0.40
0.11,0.04,0.06,-4.52,-3.35,1.02|0.09,0.01,0.44,-3.85,1.48,0.12|0.12,0.18,0.44,-3.76,-2.47,1.38
0.11,0.04,0.13,-7.76,-2.93,1.26|0.09,0.01,0.44,-3.77,1.02,0.18|0.12,0.18,0.44,-3.13,-2.89,1.98
0.11,0.04,0.06,-3.85,-2.93,1.24|0.10,0.01,0.38,-3.39,1.15,0.50|0.12,0.18,0.43,-2.87,-2.75,1.58
0.11,0.04,0.06,-6.81,-2.79,3.09|0.08,0.01,0.43,-3.86,1.00,1.33|0.12,0.18,0.43,-2.86,-2.26,3.46
0.11,0.03,0.06,-7.02,-1.89,3.42|0.08,0.00,0.44,-3.17,1.63,1.04|0.12,0.18,0.44,-3.05,-2.00,3.34
0.11,0.04,0.07,-3.35,-3.91,1.02|0.09,0.00,0.44,-3.85,1.24,1.10|0.12,0.18,0.44,-3.75,-2.30,1.59
0.12,0.03,0.05,-5.74,-2.90,2.27|0.09,0.00,0.43,-7.69,0.43,0.27|0.12,0.17,0.44,-4.72,-2.37,2.13
0.11,0.04,0.06,-7.76,-2.69,2.08|0.10,0.02,0.44,-6.34,2.26,0.00|0.12,0.18,0.44,-4.60,-1.95,2.39
0.12,0.03,0.13,-6.47,-3.24,2.21|0.10,0.00,0.38,-7.44,1.08,0.00|0.12,0.18,0.44,-4.56,-1.79,2.26
0.12,0.03,0.06,-7.56,-3.60,1.98|0.10,0.02,0.38,-7.02,2.09,0.03|0.12,0.18,0.43,-5.11,-1.56,2.28
0.00,0.05,0.06,-5.56,-1.65,2.20|0.09,0.01,0.38,-7.82,0.38,0.98|0.12,0.18,0.44,-5.24,-1.69,2.69
0.12,0.04,0.06,-7.82,-2.08,0.98|0.10,0.01,0.44,-6.11,0.08,0.53|0.12,0.18,0.44,-3.89,-2.33,1.71
0.11,0.04,0.06,-4.03,-2.93,2.23|0.09,0.00,0.43,-3.66,0.02,2.20|0.12,0.18,0.43,-3.64,-2.04,2.41
0.12,0.04,0.13,-7.21,-1.93,2.96|0.09,0.01,0.43,-3.90,0.13,0.00|0.11,0.18,0.44,-3.11,-1.72,3.17
0.11,0.04,0.05,-6.81,-3.18,1.95|0.09,0.00,0.44,-2.90,1.66,0.00|0.12,0.18,0.43,-2.79,-2.21,1.95
0.12,0.04,0.06,-6.74,-2.36,1.96|0.09,0.00,0.43,-3.63,0.06,0.24|0.12,0.18,0.44,-2.56,-2.30,1.63
0.12,0.03,0.06,-7.81,-3.88,2.08|0.10,0.01,0.44,-2.93,1.79,2.21|0.12,0.18,0.44,-2.92,-2.18,2.32
0.11,0.05,0.06,-7.18,-6.84,2.45|0.09,0.00,0.38,-3.79,0.27,2.51|0.12,0.17,0.43,-3.15,-2.23,2.49
0.00,0.04,0.06,-5.83,-2.89,1.05|0.10,0.02,0.38,-4.76,1.40,1.71|0.12,0.18,0.44,-4.37,-2.42,1.97
0.11,0.03,0.06,-3.51,-2.90,0.53|0.09,0.00,0.43,-3.65,1.49,0.56|0.12,0.18,0.44,-3.50,-2.31,0.82
0.12,0.04,0.06,-7.81,-2.92,2.08|0.10,0.00,0.38,-3.76,0.03,0.31|0.12,0.18,0.43,-3.95,-2.63,2.87
0.12,0.03,0.06,-7.80,-2.93,0.00|0.09,0.00,0.38,-6.57,0.98,0.00|0.12,0.18,0.43,-4.40,-2.91,0.41
0.11,0.04,0.06,-5.36,-3.63,0.98|0.10,0.01,0.43,-6.83,0.02,1.48|0.12,0.18,0.44,-4.95,-2.37,1.36
0.11,0.03,0.06,-5.25,-2.78,0.18|0.10,0.00,0.43,-5.56,0.98,0.07|0.12,0.18,0.43,-4.94,-2.36,0.32
0.12,0.04,0.05,-4.63,-3.85,1.51|0.09,0.01,0.38,-6.84,1.95,1.04|0.12,0.18,0.43,-4.62,-1.87,1.31
0.12,0.04,0.06,-4.89,-3.91,0.15|0.10,0.00,0.38,-6.78,2.44,0.02|0.12,0.18,0.44,-4.23,-1.53,0.69
0.12,0.04,0.05,-7.68,-3.42,2.20|0.10,0.00,0.38,-3.91,1.95,0.34|0.12,0.18,0.44,-3.85,-1.10,2.14
0.11,0.04,0.06,-7.80,-3.79,0.98|0.10,0.00,0.38,-3.76,1.96,0.18|0.11,0.18,0.44,-3.37,-1.19,1.34
0.00,0.03,0.06,-7.82,-3.91,0.45|0.09,0.00,0.38,-6.80,0.24,0.02|0.12,0.18,0.43,-3.89,-1.63,0.55
0.11,0.03,0.06,-4.27,-5.37,0.27|0.10,0.00,0.38,-7.32,2.03,0.02|0.12,0.18,0.44,-4.35,-1.63,0.32
0.12,0.05,0.06,-7.79,-1.76,2.15|0.09,0.02,0.38,-4.56,2.08,0.61|0.12,0.17,0.44,-4.62,-1.92,2.47
0.11,0.04,0.06,-7.69,-3.40,0.26|0.10,0.01,0.38,-3.66,0.44,0.00|0.12,0.18,0.43,-3.63,-2.56,0.50
0.00,0.04,0.04,-7.79,-3.66,0.00|0.09,0.00,0.38,-3.85,0.56,0.12|0.12,0.17,0.44,-3.93,-2.96,-0.04
0.11,0.04,0.05,-7.82,-3.71,0.03|0.10,0.00,0.43,-7.05,1.23,0.09|0.11,0.18,0.43,-4.12,-2.66,0.32
0.11,0.03,0.06,-5.77,-2.89,1.71|0.10,0.02,0.38,-6.78,0.02,0.50|0.11,0.18,0.43,-4.66,-2.31,1.59
0.12,0.04,0.05,-4.62,-3.85,0.00|0.10,0.01,0.38,-6.84,2.11,0.05|0.11,0.18,0.44,-4.64,-2.07,0.32
0.11,0.04,0.05,-7.82,-3.89,1.07|0.10,0.00,0.38,-3.66,1.85,1.47|0.12,0.18,0.44,-3.74,-1.58,1.29
0.12,0.04,0.06,-7.78,-1.74,1.23|0.10,0.01,0.44,-3.91,0.02,0.61|0.11,0.18,0.44,-3.55,-1.78,1.75
0.11,0.04,0.06,-7.76,-3.29,1.07|0.09,0.00,0.38,-3.30,1.66,1.31|0.12,0.18,0.44,-3.27,-1.97,1.17
0.00,0.03,0.05,-7.30,-3.90,1.11|0.09,0.00,0.44,-3.29,0.00,0.75|0.11,0.18,0.44,-3.35,-2.29,1.01
0.12,0.03,0.04,-7.82,-3.89,0.25|0.10,0.00,0.38,-3.91,0.09,0.27|0.11,0.18,0.43,-3.94,-2.81,0.24
0.11,0.04,0.06,-7.57,-3.91,0.08|0.09,0.01,0.44,-5.37,0.74,0.01|0.11,0.18,0.44,-5.31,-2.47,0.43
0.12,0.05,0.06,-4.82,-2.93,0.61|0.10,0.01,0.44,-4.82,0.00,0.00|0.12,0.17,0.43,-4.51,-2.96,0.67
0.12,0.03,0.06,-5.42,-3.42,0.85|0.09,0.01,0.44,-6.17,0.85,0.50|0.12,0.18,0.44,-4.38,-2.81,0.67
0.11,0.03,0.06,-7.79,0.00,-1.80|0.08,0.00,0.44,-7.82,0.12,0.31|0.11,0.18,0.43,-4.66,-3.51,-1.34
0.11,0.04,0.06,-7.80,-3.38,-0.91|0.10,0.00,0.44,-7.63,0.24,0.00|0.11,0.18,0.44,-4.64,-3.07,0.25
0.12,0.04,0.05,-5.47,-2.69,0.00|0.10,0.00,0.43,-7.07,0.12,0.25|0.12,0.17,0.44,-4.90,-2.65,0.49
0.11,0.04,0.05,-4.58,-3.88,0.04|0.09,0.00,0.44,-7.32,0.66,0.01|0.11,0.18,0.44,-4.51,-2.53,0.08
0.00,0.03,0.06,-4.89,-3.30,0.98|0.10,0.01,0.44,-3.85,0.24,0.02|0.12,0.18,0.44,-3.85,-2.50,1.15
0.11,0.04,0.06,-7.39,-3.91,1.07|0.10,0.01,0.44,-3.74,0.13,1.47|0.12,0.18,0.44,-3.41,-2.27,1.82
0.12,0.03,0.06,-7.29,-2.93,1.01|0.09,0.00,0.44,-3.89,0.37,0.67|0.12,0.17,0.43,-3.24,-2.34,1.28
0.11,0.03,0.06,-7.63,-3.88,1.28|0.09,0.00,0.44,-3.66,0.20,0.02|0.11,0.17,0.44,-3.37,-2.48,1.31
0.11,0.03,0.06,-7.68,-2.37,0.50|0.09,0.00,0.44,-3.90,0.98,0.12|0.11,0.17,0.44,-3.82,-2.23,0.38
0.12,0.04,0.05,-7.79,-2.93,0.02|0.08,0.01,0.38,-4.83,0.16,0.00|0.12,0.18,0.44,-4.89,-2.61,0.45
0.00,0.04,0.06,-3.95,-3.79,0.73|0.09,0.00,0.44,-6.23,0.26,0.02|0.11,0.18,0.44,-3.87,-2.37,1.05
0.00,0.03,0.07,-7.72,0.49,0.86|0.09,0.01,0.38,-3.89,0.52,0.85|0.12,0.17,0.44,-3.98,-2.81,0.63
0.11,0.04,0.05,-7.33,0.03,-1.53|0.10,0.01,0.38,-4.40,0.73,0.39|0.11,0.18,0.44,-4.11,-3.00,-0.53
0.12,0.04,0.06,-4.89,-3.90,1.23|0.09,0.01,0.44,-7.54,0.37,0.03|0.12,0.18,0.43,-4.44,-2.36,2.15
0.12,0.04,0.05,-7.82,-1.95,2.27|0.08,0.00,0.38,-3.84,2.30,0.24|0.11,0.18,0.43,-3.85,-1.56,2.85
0.11,0.04,0.06,-7.80,-1.69,1.98|0.09,0.00,0.38,-3.79,1.98,0.12|0.11,0.18,0.43,-3.63,-1.76,2.40
0.11,0.04,0.06,-7.80,-3.36,0.31|0.10,0.01,0.38,-3.56,1.04,1.05|0.11,0.18,0.44,-3.63,-2.13,1.00
0.11,0.03,0.06,-7.29,-2.44,2.15|0.09,0.00,0.44,-3.90,0.03,0.31|0.11,0.17,0.44,-3.46,-2.11,2.11
0.11,0.03,0.13,-7.25,-3.66,1.07|0.08,0.01,0.43,-3.20,0.26,0.03|0.12,0.17,0.44,-3.28,-2.44,1.34
0.12,0.03,0.06,-7.77,-3.79,-0.60|0.08,0.00,0.44,-3.91,0.29,0.98|0.12,0.17,0.44,-3.73,-2.24,-0.18
0.12,0.04,0.07,-6.80,-2.88,0.00|0.09,0.01,0.44,-7.82,0.37,0.00|0.12,0.18,0.44,-4.78,-2.50,0.19
0.12,0.04,0.06,-4.15,-2.84,1.95|0.09,0.00,0.38,-6.84,0.09,0.27|0.12,0.17,0.43,-4.05,-2.91,1.98
0.12,0.03,0.06,-4.14,-2.90,2.11|0.08,0.00,0.38,-3.89,1.40,2.02|0.12,0.18,0.44,-3.81,-2.41,2.88
0.11,0.03,0.06,-3.83,-3.66,0.08|0.08,0.00,0.44,-3.88,0.24,0.50|0.11,0.17,0.44,-3.51,-3.11,0.52
0.11,0.04,0.13,-7.15,-2.63,1.01|0.10,0.00,0.44,-7.80,1.47,1.14|0.11,0.18,0.43,-4.02,-2.54,1.31
0.11,0.04,0.05,-5.16,-1.86,1.01|0.09,0.01,0.44,-3.89,0.03,0.00|0.11,0.18,0.44,-3.89,-1.56,0.92
0.11,0.03,0.06,-7.57,-3.41,1.47|0.10,0.00,0.44,-3.91,2.06,0.02|0.12,0.18,0.44,-3.40,-1.39,1.92
0.11,0.04,0.06,-7.82,-3.24,1.05|0.08,0.00,0.44,-3.48,0.06,0.12|0.12,0.18,0.44,-3.22,-2.02,1.16
0.11,0.03,0.06,-7.80,-3.30,1.47|0.10,0.00,0.38,-3.10,0.06,0.98|0.11,0.17,0.44,-2.98,-2.44,1.21
0.12,0.03,0.06,-7.80,-3.82,0.24|0.09,0.00,0.38,-3.79,0.37,0.00|0.12,0.18,0.44,-3.30,-2.45,1.02
0.00,0.03,0.06,-5.52,-2.38,0.02|0.09,0.00,0.38,-6.41,0.00,0.12|0.12,0.17,0.44,-4.19,-2.34,0.34
0.11,0.04,0.06,-7.33,-3.86,-0.81|0.10,0.02,0.44,-7.80,0.27,0.12|0.12,0.18,0.44,-4.35,-2.66,-0.52
0.12,0.03,0.05,-5.13,-3.66,0.05|0.10,0.00,0.44,-7.32,0.82,0.02|0.12,0.18,0.43,-4.11,-3.31,-0.17
0.11,0.04,0.05,-7.60,-3.91,0.99|0.09,0.01,0.44,-3.15,0.98,0.24|0.11,0.18,0.44,-3.18,-3.11,1.25
0.11,0.03,0.06,-7.19,0.09,-0.90|0.08,0.00,0.44,-3.77,0.06,-1.76|0.11,0.17,0.44,-3.28,-3.66,-0.86
0.11,0.04,0.06,-7.33,-3.66,-0.43|0.09,0.00,0.38,-7.76,0.18,0.76|0.11,0.18,0.44,-3.45,-3.14,-0.46
0.12,0.04,0.06,-7.78,-2.93,0.51|0.09,0.01,0.44,-3.87,0.04,0.49|0.11,0.18,0.44,-3.70,-2.75,0.84
0.11,0.03,0.06,-7.63,-2.30,0.98|0.09,0.01,0.38,-3.91,0.61,1.04|0.12,0.18,0.44,-3.27,-2.34,1.11
0.11,0.04,0.06,-7.33,-3.89,1.16|0.10,0.00,0.38,-3.87,0.03,1.59|0.11,0.18,0.44,-3.62,-2.65,1.56
0.11,0.03,0.06,-7.68,-3.81,1.02|0.09,0.00,0.43,-3.66,0.06,0.13|0.12,0.18,0.44,-3.71,-2.82,1.36
0.12,0.03,0.05,-6.22,-3.28,0.02|0.08,0.00,0.44,-7.33,0.00,0.12|0.11,0.17,0.43,-4.27,-2.67,1.02
0.11,0.03,0.06,-5.79,-3.65,-0.95|0.09,0.00,0.38,-6.84,0.00,0.46|0.12,0.18,0.44,-4.66,-3.06,-0.66
0.12,0.05,0.13,-7.08,-3.66,-1.95|0.08,0.01,0.38,-7.76,0.98,0.02|0.11,0.19,0.43,-5.53,-2.71,-0.93
0.12,0.04,0.06,-5.84,-3.42,1.97|0.10,0.00,0.43,-7.23,0.00,0.29|0.11,0.18,0.43,-4.82,-2.63,2.18
0.11,0.04,0.07,-3.91,-3.91,1.98|0.09,0.01,0.44,-3.91,0.02,0.46|0.11,0.18,0.44,-3.82,-2.54,2.82
0.11,0.03,0.05,-3.66,-3.85,0.98|0.09,0.00,0.43,-3.91,0.79,1.59|0.12,0.17,0.43,-3.55,-3.38,1.62
0.11,0.04,0.06,-3.91,-3.47,0.98|0.10,0.01,0.38,-3.91,0.11,0.49|0.11,0.18,0.44,-3.84,-2.52,1.85
0.11,0.04,0.05,-7.57,-2.90,1.05|0.10,0.00,0.38,-3.73,0.08,1.28|0.12,0.18,0.44,-3.84,-2.27,1.47
0.12,0.03,0.06,-7.30,-3.79,1.34|0.09,0.01,0.44,-3.39,0.73,0.12|0.12,0.18,0.43,-3.49,-1.97,109.42
0.00,0.05,0.05,-7.74,-1.95,3.24|0.09,0.01,0.38,-3.72,1.97,3.45|0.12,0.18,0.44,-3.85,-1.60,3.66
0.12,0.03,0.06,-7.79,-3.85,3.06|0.10,0.01,0.38,-3.90,0.03,1.07|0.12,0.18,0.44,-3.93,-1.95,3.20
0.12,0.04,0.06,-7.76,-6.59,2.96|0.09,0.00,0.38,-3.91,0.00,3.05|0.12,0.18,0.44,-3.84,-2.39,3.11
0.12,0.03,0.05,-4.73,-2.93,1.95|0.09,0.00,0.38,-6.17,0.41,0.02|0.11,0.18,0.43,-4.12,-2.29,2.17
0.00,0.00,0.13,-6.84,-2.44,0.98|0.10,0.01,0.44,-7.75,0.21,0.00|0.12,0.19,0.44,-4.99,-2.15,2.05
0.11,0.05,0.06,-7.56,-1.92,1.98|0.09,0.00,0.43,-3.91,0.01,0.18|0.12,0.18,0.44,-3.93,-2.05,1.81
0.00,0.04,0.06,-3.90,-3.91,3.08|0.09,0.00,0.38,-3.89,0.04,2.08|0.12,0.18,0.43,-3.98,-2.05,3.46
0.11,0.03,0.06,-3.91,-3.54,0.98|0.10,0.00,0.38,-7.45,0.00,0.26|0.12,0.17,0.44,-3.56,-2.41,1.32
0.12,0.04,0.06,-7.82,-2.93,1.60|0.09,0.01,0.44,-3.91,0.12,0.79|0.12,0.18,0.43,-3.83,-2.85,1.92
0.11,0.04,0.06,-7.75,-3.82,0.79|0.09,0.01,0.43,-3.91,0.04,1.16|0.11,0.18,0.44,-3.63,-2.69,1.18
0.12,0.05,0.13,-7.74,-3.42,1.95|0.09,0.00,0.38,-3.29,0.12,0.00|0.12,0.17,0.44,-3.16,-2.27,1.94
0.12,0.04,0.06,-7.57,-3.73,0.73|0.10,0.01,0.38,-3.53,0.49,0.23|0.12,0.18,0.44,-3.27,-2.03,0.66
0.11,0.05,0.06,-7.08,-3.91,2.60|0.10,0.00,0.43,-3.42,0.02,0.06|0.12,0.18,0.44,-3.16,-1.86,2.31
0.12,0.03,0.06,-7.60,-3.75,1.53|0.10,0.00,0.38,-3.08,0.00,1.22|0.12,0.18,0.44,-3.29,-1.97,1.75
0.12,0.03,0.13,-3.79,-5.86,1.72|0.09,0.00,0.43,-3.66,2.05,0.64|0.12,0.18,0.43,-3.41,-1.79,1.69
0.00,0.05,0.06,-7.69,-3.18,2.69|0.09,0.00,0.38,-7.81,1.50,2.88|0.12,0.18,0.44,-4.95,-1.97,2.74
0.12,0.04,0.06,-7.57,-2.69,0.98|0.09,0.00,0.43,-3.65,1.11,0.03|0.12,0.17,0.44,-3.63,-2.87,0.92
0.12,0.05,0.13,-4.06,-3.39,1.01|0.09,0.00,0.44,-6.56,0.05,0.09|0.12,0.18,0.44,-4.05,-3.19,0.95
0.12,0.03,0.05,-3.90,-3.85,0.14|0.09,0.01,0.43,-3.90,0.01,0.14|0.11,0.18,0.43,-3.65,-2.98,0.30
0.11,0.05,0.06,-5.34,-3.91,2.44|0.10,0.01,0.38,-3.91,0.03,0.98|0.12,0.18,0.43,-3.97,-2.15,2.85
0.12,0.04,0.06,-7.57,-2.38,0.24|0.10,0.01,0.38,-3.79,0.55,0.03|0.12,0.18,0.43,-3.61,-2.12,0.77
0.11,0.04,0.05,-7.33,-2.43,1.28|0.10,0.01,0.38,-3.16,0.99,0.49|0.12,0.18,0.43,-3.53,-1.96,1.80
0.12,0.04,0.06,-7.56,-2.29,1.29|0.10,0.01,0.44,-3.65,2.02,0.37|0.12,0.18,0.44,-3.33,-2.13,1.71
0.12,0.03,0.13,-7.31,-3.85,0.31|0.10,0.00,0.43,-3.91,0.31,1.14|0.12,0.17,0.43,-3.31,-2.09,1.08
0.12,0.04,0.07,-7.82,-3.63,0.17|0.09,0.00,0.44,-6.59,0.37,0.31|0.12,0.18,0.43,-3.88,-2.68,0.36
0.00,0.04,0.06,-7.82,-3.66,-1.64|0.10,0.01,0.43,-7.82,1.10,0.00|0.12,0.19,0.44,-5.47,-2.50,-0.60
0.12,0.05,0.05,-5.50,-3.61,-0.87|0.09,0.00,0.38,-7.79,1.28,0.01|0.12,0.18,0.43,-5.02,-2.57,-0.12
0.12,0.04,0.06,-4.81,-3.39,1.95|0.09,0.01,0.38,-6.35,1.07,1.98|0.12,0.18,0.44,-4.36,-2.42,2.10
0.12,0.04,0.05,-7.80,-2.93,0.93|0.09,0.01,0.38,-7.56,0.55,0.98|0.12,0.18,0.44,-4.06,-2.95,0.97
0.12,0.04,0.06,-7.69,-3.40,0.31|0.10,0.01,0.43,-3.79,0.38,0.01|0.12,0.18,0.43,-3.76,-3.29,0.44
0.00,0.04,0.06,-7.69,0.19,-0.82|0.09,0.01,0.44,-3.71,0.24,1.47|0.12,0.18,0.44,-3.60,-2.94,-0.13
0.11,0.04,0.06,-7.76,0.02,0.02|0.09,0.00,0.38,-7.33,0.02,0.15|0.12,0.18,0.44,-3.42,-2.93,0.32
0.12,0.04,0.06,-7.75,-2.79,0.61|0.10,0.01,0.38,-4.35,1.13,0.27|0.12,0.18,0.44,-3.73,-2.67,0.79
0.12,0.04,0.06,-7.82,-3.88,1.95|0.09,0.00,0.43,-7.54,1.34,0.05|0.12,0.18,0.44,-3.55,-2.63,2.23
0.00,0.04,0.05,-7.33,-3.66,0.01|0.10,0.00,0.44,-3.65,0.30,0.00|0.12,0.18,0.44,-3.40,-3.13,0.80
0.11,0.03,0.06,-7.75,-3.23,-0.98|0.10,0.00,0.38,-7.57,0.61,-1.47|0.12,0.18,0.43,-3.56,-3.15,-0.51
0.12,0.04,0.06,-5.62,-3.42,0.00|0.09,0.00,0.43,-4.53,0.00,0.24|0.12,0.18,0.44,-4.50,-3.08,0.53
0.12,0.03,0.06,-4.85,-3.05,-1.69|0.09,0.01,0.38,-6.35,0.86,0.24|0.12,0.18,0.44,-4.02,-2.76,-0.68
0.12,0.03,0.05,-4.74,-2.68,-1.43|0.09,0.00,0.44,-6.80,1.10,1.02|0.12,0.17,0.44,-4.48,-2.76,-0.53
0.12,0.04,0.05,-5.24,-3.59,-0.98|0.09,0.01,0.38,-7.56,0.31,1.05|0.12,0.18,0.43,-4.86,-2.66,-0.94
0.12,0.04,0.06,-5.77,-2.92,0.15|0.09,0.00,0.38,-7.82,0.43,0.05|0.12,0.18,0.44,-5.40,-2.14,0.15
0.12,0.04,0.06,-5.56,-2.04,0.31|0.10,0.00,0.38,-6.79,1.28,1.25|0.12,0.18,0.44,-4.69,-1.98,1.34
0.12,0.04,0.13,-4.89,-3.84,0.98|0.10,0.00,0.38,-4.21,0.49,0.98|0.12,0.18,0.43,-4.56,-2.50,1.70
0.12,0.04,0.06,-7.73,-3.42,1.03|0.10,0.00,0.44,-3.90,0.24,1.47|0.12,0.18,0.44,-3.61,-2.79,1.86
0.12,0.05,0.06,-7.45,-3.77,1.97|0.09,0.00,0.43,-2.92,0.34,0.19|0.12,0.18,0.43,-2.49,-2.83,2.72
0.12,0.04,0.05,-7.56,-3.66,1.96|0.09,0.01,0.38,-2.93,0.01,0.06|0.12,0.18,0.44,-2.92,-3.02,2.02
0.12,0.04,0.06,-3.40,-3.87,0.01|0.10,0.00,0.44,-3.89,1.01,0.12|0.12,0.18,0.44,-3.71,-2.49,0.69
0.12,0.03,0.06,-5.31,-3.82,0.17|0.10,0.00,0.43,-7.33,0.12,0.22|0.12,0.17,0.44,-4.29,-2.51,1.10
0.12,0.03,0.06,-4.89,-3.82,-1.69|0.09,0.00,0.44,-6.28,0.37,0.98|0.12,0.18,0.44,-4.14,-2.53,-0.43
0.11,0.05,0.06,-4.92,-3.41,-1.69|0.09,0.00,0.44,-7.08,0.10,-0.95|0.12,0.18,0.44,-5.09,-3.11,-0.50
0.12,0.04,0.13,-5.24,-3.73,0.15|0.09,0.01,0.44,-7.73,1.05,0.01|0.12,0.18,0.44,-5.27,-2.40,0.34
0.12,0.05,0.06,-5.59,-2.31,0.26|0.09,0.00,0.44,-7.82,0.49,0.98|0.12,0.18,0.43,-5.66,-2.05,1.12
0.12,0.03,0.06,-4.88,-3.87,0.99|0.09,0.00,0.43,-6.29,1.95,0.12|0.12,0.18,0.43,-4.19,-1.94,1.59
0.11,0.04,0.06,-4.64,-3.82,0.26|0.10,0.00,0.38,-6.82,1.96,0.15|0.12,0.18,0.43,-4.05,-1.69,1.08
0.12,0.04,0.06,-7.66,-2.79,1.98|0.09,0.01,0.38,-3.60,2.47,0.01|0.12,0.18,0.43,-3.46,-1.26,3.02
0.11,0.05,0.06,-7.30,-2.81,1.96|0.09,0.00,0.43,-3.73,2.50,0.25|0.12,0.18,0.44,-3.49,-0.89,2.55
0.12,0.05,0.06,-7.80,-3.82,2.95|0.10,0.00,0.44,-3.79,2.50,0.13|0.12,0.17,0.44,-3.53,-1.30,3.14
0.12,0.05,0.07,-3.85,-2.86,2.05|0.09,0.00,0.44,-6.84,0.82,2.44|0.12,0.18,0.44,-4.15,-2.47,2.64
0.12,0.03,0.05,-7.76,-2.90,2.23|0.09,0.01,0.38,-3.91,0.99,2.95|0.12,0.17,0.43,-3.94,-3.09,2.92
0.12,0.04,0.06,-3.91,-2.92,1.95|0.08,0.01,0.44,-3.75,0.01,0.13|0.12,0.18,0.43,-3.87,-2.79,2.60
0.12,0.05,0.06,-7.45,-3.85,1.47|0.09,0.01,0.38,-7.75,0.62,1.19|0.12,0.17,0.44,-4.63,-3.05,1.26
0.12,0.04,0.06,-7.79,-3.36,0.49|0.09,0.01,0.38,-7.57,1.65,0.50|0.12,0.18,0.43,-4.92,-2.27,1.03
0.12,0.05,0.05,-5.74,-3.73,1.98|0.09,0.00,0.38,-6.82,2.03,0.00|0.12,0.18,0.44,-4.41,-1.55,2.02
0.12,0.04,0.06,-7.69,-3.91,0.49|0.10,0.01,0.38,-3.85,2.08,0.07|0.12,0.18,0.43,-3.50,-1.94,0.76
0.12,0.05,0.05,-7.24,-1.89,1.26|0.10,0.00,0.43,-3.79,2.00,0.98|0.12,0.18,0.44,-3.34,-2.02,1.11
0.12,0.05,0.06,-7.21,-1.85,2.20|0.09,0.01,0.44,-2.93,1.98,0.02|0.12,0.18,0.43,-2.95,-1.63,2.20
0.12,0.05,0.05,-7.80,-2.81,1.10|0.09,0.01,0.38,-3.42,1.34,0.18|0.12,0.18,0.44,-3.03,-2.11,1.52
0.12,0.03,0.06,-7.30,-3.34,1.47|0.10,0.00,0.44,-3.24,1.47,0.55|0.12,0.17,0.44,-3.27,-2.40,1.61
0.12,0.04,0.06,-6.70,-2.66,0.73|0.09,0.01,0.38,-7.27,1.04,0.78|0.12,0.18,0.44,-4.38,-2.47,1.33
0.00,0.04,0.06,-4.64,-3.85,0.73|0.09,0.01,0.44,-7.42,0.06,0.40|0.12,0.16,0.44,-4.42,-2.41,1.35
0.12,0.04,0.06,-4.33,-3.73,1.01|0.09,0.01,0.38,-6.32,0.00,0.03|0.12,0.18,0.44,-4.30,-2.85,1.61
0.12,0.05,0.06,-7.55,-3.60,0.25|0.09,0.00,0.44,-7.69,0.02,0.60|0.12,0.17,0.44,-4.72,-3.56,0.04
0.12,0.04,0.06,-4.76,-3.73,0.23|0.09,0.01,0.38,-7.82,0.02,0.06|0.12,0.18,0.44,-4.82,-3.17,0.71
0.12,0.05,0.06,-6.72,-3.79,0.02|0.09,0.00,0.43,-6.79,0.24,0.02|0.12,0.17,0.44,-4.52,-2.66,0.40
0.12,0.04,0.06,-5.31,-2.50,0.49|0.09,0.00,0.38,-6.96,1.05,0.32|0.12,0.18,0.44,-3.90,-2.13,0.76
0.12,0.05,0.05,-7.57,-2.43,-0.67|0.09,0.00,0.38,-3.42,0.49,0.00|0.11,0.18,0.43,-3.44,-2.40,-0.15
0.12,0.05,0.06,-7.81,-1.95,1.10|0.09,0.01,0.38,-3.66,0.06,0.26|0.12,0.18,0.44,-3.31,-1.78,1.22
0.00,0.05,0.06,-7.79,-1.62,1.05|0.09,0.00,0.38,-3.10,0.49,0.02|0.12,0.17,0.44,-2.93,-1.55,1.35
0.12,0.05,0.06,-7.69,-3.05,0.02|0.08,0.00,0.44,-3.82,1.73,0.01|0.12,0.17,0.43,-3.52,-1.92,1.11
0.11,0.04,0.06,-6.75,-3.82,0.98|0.09,0.02,0.44,-7.82,2.02,0.30|0.12,0.18,0.44,-5.02,-2.48,1.24
0.12,0.04,0.06,-4.39,-2.41,1.95|0.09,0.01,0.38,-7.48,0.00,0.15|0.12,0.17,0.44,-4.24,-2.40,2.44
0.11,0.04,0.06,-7.81,-2.93,1.02|0.09,0.00,0.38,-3.63,0.98,1.15|0.11,0.18,0.44,-3.89,-3.25,1.70
0.12,0.03,0.07,-7.31,-3.05,-0.67|0.09,0.01,0.38,-6.81,0.50,0.21|0.11,0.17,0.44,-4.29,-3.09,-0.20
0.12,0.04,0.05,-7.44,-2.93,-0.47|0.09,0.00,0.43,-6.77,1.03,1.21|0.12,0.18,0.44,-4.60,-2.11,0.05
0.12,0.05,0.06,-5.48,-1.62,0.37|0.10,0.00,0.43,-5.85,1.95,0.00|0.12,0.18,0.44,-4.39,-1.51,1.05
0.11,0.04,0.05,-4.79,-3.66,0.49|0.09,0.00,0.38,-6.40,2.21,0.13|0.12,0.18,0.44,-3.63,-1.92,0.82
0.12,0.05,0.05,-7.63,-3.79,0.74|0.08,0.00,0.43,-3.90,1.66,0.53|0.12,0.18,0.44,-3.56,-1.98,0.50
0.12,0.05,0.05,-7.57,-3.66,1.22|0.09,0.00,0.38,-3.91,0.09,0.03|0.12,0.18,0.44,-3.43,-1.98,1.61
0.00,0.04,0.06,-7.07,-3.85,1.34|0.08,0.00,0.44,-3.60,0.08,0.38|0.12,0.18,0.44,-3.18,-2.50,1.37
0.11,0.03,0.05,-7.69,-3.42,0.21|0.09,0.00,0.38,-3.91,0.03,0.43|0.12,0.17,0.43,-3.24,-2.85,0.37
0.11,0.03,0.06,-7.69,-3.91,-1.22|0.09,0.00,0.38,-3.60,0.98,-1.28|0.11,0.18,0.44,-3.59,-2.87,-1.41
0.12,0.04,0.05,-4.87,-3.18,0.03|0.09,0.00,0.38,-7.54,0.12,0.15|0.12,0.17,0.44,-4.76,-2.03,0.33
0.12,0.04,0.05,-4.34,-1.69,-1.84|0.08,0.01,0.38,-5.85,0.12,1.22|0.12,0.18,0.44,-4.37,-1.76,-0.57
0.00,0.03,0.06,-7.82,-2.92,0.00|0.08,0.00,0.44,-7.69,0.63,0.03|0.12,0.18,0.44,-4.59,-2.63,0.21
0.12,0.03,0.06,-7.25,-3.42,0.05|0.09,0.01,0.38,-7.56,0.39,0.61|0.12,0.18,0.44,-4.52,-2.46,0.92
0.11,0.05,0.06,-5.62,-2.92,0.32|0.09,0.01,0.43,-6.59,0.43,0.52|0.12,0.18,0.44,-4.58,-2.51,0.73
0.11,0.04,0.06,-7.56,-3.60,1.29|0.09,0.01,0.38,-3.90,1.19,1.34|0.11,0.18,0.44,-3.46,-2.73,1.24
0.12,0.04,0.06,-7.32,-3.91,1.05|0.09,0.01,0.38,-3.18,1.01,1.11|0.11,0.18,0.44,-3.19,-2.37,1.21
0.12,0.04,0.05,-7.33,-3.42,0.03|0.09,0.00,0.38,-3.91,0.51,0.63|0.12,0.18,0.43,-3.40,-2.35,0.42
0.12,0.04,0.06,-6.96,-2.77,0.98|0.09,0.00,0.44,-3.89,1.96,0.56|0.12,0.18,0.44,-3.11,-2.07,1.37
0.12,0.05,0.06,-7.28,-2.20,0.34|0.08,0.00,0.38,-3.40,0.98,0.00|0.11,0.18,0.43,-3.13,-2.44,0.82
0.12,0.03,0.05,-7.79,-3.66,1.10|0.09,0.00,0.38,-3.41,1.47,0.03|0.12,0.17,0.43,-3.44,-2.23,0.92
0.11,0.04,0.07,-6.53,-3.39,0.00|0.08,0.01,0.44,-4.64,0.09,0.50|0.12,0.18,0.44,-4.79,-2.28,1.15
0.12,0.05,0.06,-4.40,-3.47,2.02|0.09,0.01,0.38,-4.40,1.04,0.00|0.12,0.17,0.44,-4.24,-2.49,2.15
0.11,0.04,0.05,-4.60,-2.92,1.97|0.09,0.00,0.44,-3.88,0.37,1.31|0.12,0.18,0.44,-3.82,-2.90,2.05
0.11,0.03,0.06,-7.21,-3.72,0.25|0.08,0.00,0.44,-7.27,0.02,0.02|0.12,0.18,0.43,-3.91,-3.52,0.24
0.12,0.04,0.06,-7.69,-3.42,0.00|0.08,0.00,0.38,-6.78,0.27,0.16|0.12,0.18,0.43,-4.20,-2.89,0.68
0.11,0.05,0.06,-5.82,-2.92,1.23|0.10,0.00,0.44,-6.73,0.06,0.00|0.12,0.18,0.43,-4.43,-2.40,1.34
0.11,0.04,0.05,-4.26,-3.77,0.12|0.09,0.00,0.38,-3.85,0.28,0.17|0.12,0.18,0.44,-3.99,-2.14,0.33
0.12,0.05,0.06,-7.82,-3.31,0.98|0.09,0.01,0.38,-3.76,0.31,0.00|0.12,0.18,0.43,-3.80,-2.18,1.24
0.12,0.04,0.06,-7.82,-1.83,1.95|0.10,0.01,0.43,-3.38,0.27,0.58|0.12,0.18,0.44,-3.23,-1.73,2.45
0.11,0.05,0.06,-7.56,-3.57,2.29|0.09,0.00,0.44,-3.86,0.39,0.00|0.12,0.18,0.44,-2.89,-2.60,2.53
0.12,0.04,0.06,-7.76,-3.42,3.18|0.09,0.00,0.44,-3.66,0.37,3.18|0.12,0.18,0.44,-3.17,-2.42,3.09
0.12,0.03,0.06,-7.56,-3.88,2.96|0.09,0.00,0.44,-3.63,1.47,0.27|0.12,0.17,0.44,-3.67,-2.05,3.29
0.11,0.05,0.06,-6.84,-1.47,1.97|0.09,0.00,0.44,-7.79,0.27,0.00|0.12,0.18,0.44,-4.56,-1.79,2.53
0.12,0.05,0.06,-4.85,-3.42,3.01|0.09,0.01,0.38,-7.82,0.73,0.06|0.12,0.17,0.44,-4.98,-1.46,3.18
0.11,0.04,0.06,-7.69,-3.87,0.98|0.09,0.01,0.38,-5.13,1.04,0.56|0.12,0.18,0.44,-4.05,-1.98,1.71
0.12,0.03,0.07,-6.84,-2.90,0.46|0.09,0.00,0.38,-6.58,0.19,0.24|0.12,0.17,0.44,-4.46,-2.58,0.85
0.11,0.04,0.06,-6.81,-3.86,1.23|0.08,0.01,0.44,-6.60,1.24,1.54|0.11,0.18,0.44,-4.56,-2.40,1.44
0.00,0.04,0.06,-4.85,-2.85,0.98|0.09,0.00,0.44,-6.84,1.25,0.00|0.12,0.18,0.43,-4.24,-2.34,0.98
0.11,0.05,0.06,-7.33,-3.66,0.98|0.08,0.00,0.38,-3.82,1.97,0.00|0.12,0.18,0.44,-3.24,-1.86,1.01
0.12,0.04,0.06,-6.84,-3.85,2.44|0.10,0.00,0.44,-3.04,2.44,2.44|0.12,0.18,0.43,-2.95,-1.55,2.61
0.11,0.03,0.06,-6.84,-1.67,2.21|0.10,0.01,0.38,-2.72,1.98,0.00|0.12,0.18,0.43,-2.63,-1.37,2.53
0.12,0.05,0.05,-6.60,-1.83,1.95|0.10,0.00,0.44,-2.44,0.00,0.10|0.12,0.18,0.44,-2.71,-1.57,2.19
0.12,0.04,0.13,-7.62,-3.90,2.04|0.09,0.00,0.38,-3.54,1.22,0.13|0.12,0.17,0.43,-2.73,-2.28,2.24
0.12,0.04,0.06,-7.43,101.60,-218.87|0.09,0.00,0.44,-3.78,1.61,2.08|0.12,0.18,0.44,-3.58,-2.22,2.08
0.12,0.03,0.06,-7.35,-3.54,1.47|0.09,0.00,0.38,-6.72,1.01,0.49|0.12,0.18,0.44,-4.35,-1.92,1.49
0.12,0.04,0.06,-6.83,-2.91,1.97|0.09,0.02,0.44,-4.27,0.14,2.08|0.12,0.18,0.44,-4.16,-2.69,2.30
0.12,0.04,0.05,-3.52,-3.90,0.88|0.09,0.01,0.43,-3.41,0.50,0.98|0.12,0.18,0.43,-3.34,-3.39,0.95
0.00,0.05,0.05,-7.46,-3.91,0.98|0.10,0.01,0.38,-5.85,0.06,1.40|0.12,0.17,0.44,-3.95,-3.26,1.49
0.00,0.03,0.05,-7.30,-2.68,0.99|0.09,0.00,0.38,-7.30,0.74,1.04|0.12,0.18,0.43,-4.40,-2.57,1.45
0.11,0.05,0.06,-5.25,-2.69,2.08|0.08,0.00,0.43,-7.79,0.49,0.00|0.11,0.18,0.44,-5.16,-2.05,2.24
0.00,0.04,0.05,-4.70,-2.87,0.24|0.10,0.00,0.38,-6.79,1.97,0.00|0.11,0.18,0.44,-4.68,-2.08,0.89
0.11,0.04,0.05,-4.82,-2.92,1.23|0.08,0.00,0.38,-7.51,1.05,0.14|0.12,0.18,0.44,-4.42,-2.15,1.19
0.00,0.04,0.06,-5.37,-2.33,0.50|0.10,0.01,0.38,-7.26,0.75,0.03|0.12,0.18,0.44,-4.20,-2.21,0.97
0.11,0.05,0.06,-7.79,-3.91,0.12|0.10,0.00,0.38,-3.91,0.43,0.61|0.11,0.18,0.44,-3.61,-2.12,0.84
0.12,0.04,0.05,-7.57,-3.54,1.02|0.10,0.00,0.38,-3.79,0.00,0.13|0.12,0.18,0.44,-3.66,-2.29,1.11
0.12,0.03,0.06,-7.78,-3.79,0.08|0.09,0.00,0.38,-3.88,0.06,0.33|0.12,0.17,0.44,-3.86,-2.21,1.27
0.12,0.04,0.05,-4.46,-2.66,0.27|0.09,0.02,0.38,-7.81,0.02,0.88|0.11,0.18,0.44,-4.52,-2.56,1.14
0.12,0.03,0.05,-4.64,-3.90,0.09|0.09,0.01,0.44,-3.98,0.98,0.52|0.12,0.17,0.44,-3.92,-2.86,0.79
0.12,0.04,0.07,-7.77,-3.83,1.01|0.09,0.00,0.44,-3.74,1.04,1.19|0.12,0.18,0.44,-3.47,-3.05,1.68
0.00,0.04,0.06,-3.91,-3.30,0.13|0.09,0.00,0.38,-3.85,0.00,0.49|0.12,0.17,0.44,-3.63,-3.46,-0.18
0.12,0.03,0.05,-3.90,-3.91,0.12|0.09,0.00,0.43,-3.91,0.73,0.01|0.12,0.18,0.44,-3.81,-3.04,0.27
0.11,0.03,0.06,-5.21,-2.90,0.98|0.08,0.00,0.38,-6.29,0.27,0.00|0.12,0.18,0.43,-4.17,-2.73,1.25
0.00,0.05,0.05,-7.81,-2.85,0.15|0.09,0.02,0.38,-3.85,0.12,0.13|0.12,0.18,0.44,-3.59,-2.55,0.41
0.12,0.04,0.05,-7.81,-2.92,0.51|0.09,0.00,0.38,-3.89,0.02,0.00|0.12,0.18,0.43,-3.36,-2.50,0.58
0.12,0.05,0.05,-7.23,0.01,0.98|0.10,0.00,0.43,-3.79,0.49,0.76|0.12,0.18,0.43,-3.17,-2.24,1.03
0.12,0.03,0.06,-7.82,-2.84,0.00|0.09,0.00,0.44,-3.39,1.10,1.56|0.12,0.18,0.44,-3.24,-2.50,-0.16
0.12,0.04,0.05,-7.33,0.02,0.01|0.09,0.00,0.38,-3.17,1.53,0.03|0.11,0.18,0.44,-3.35,-2.37,-0.02
0.11,0.03,0.06,-5.98,-3.66,-1.04|0.08,0.00,0.38,-3.91,1.28,0.00|0.12,0.17,0.44,-3.97,-2.99,-1.10
0.00,0.04,0.06,-7.81,-2.90,-1.58|0.09,0.02,0.38,-4.85,1.04,0.27|0.12,0.18,0.44,-4.77,-2.95,-0.83
0.11,0.05,0.05,-4.82,-3.50,-1.44|0.09,0.00,0.38,-3.88,0.02,-1.39|0.12,0.18,0.44,-3.74,-2.98,-1.31
0.12,0.05,0.06,-7.82,-3.42,0.01|0.10,0.01,0.38,-3.91,0.49,0.03|0.12,0.18,0.43,-4.16,-3.28,0.07
0.12,0.04,0.05,-4.57,0.00,-1.53|0.10,0.01,0.44,-4.73,3.27,-1.95|0.12,0.18,0.43,-4.37,-3.73,-1.53
0.11,0.04,0.13,-5.31,-3.66,0.00|0.09,0.01,0.38,-4.70,0.18,0.24|0.12,0.19,0.43,-4.50,-3.56,0.31
0.12,0.04,0.06,-5.82,-3.29,0.00|0.10,0.01,0.38,-4.24,0.12,0.49|0.12,0.18,0.43,-4.13,-3.35,0.63
0.12,0.04,0.06,-7.79,-3.71,0.12|0.09,0.01,0.38,-7.82,0.02,0.55|0.11,0.18,0.44,-3.39,-3.80,0.60
0.12,0.04,0.06,-7.29,-3.79,0.75|0.09,0.01,0.43,-7.42,0.00,0.27|0.12,0.19,0.44,-3.21,-3.17,1.86
0.12,0.04,0.05,-7.36,-2.93,1.98|0.08,0.01,0.44,-7.48,0.18,1.19|0.12,0.18,0.43,-3.37,-2.46,3.41
0.12,0.05,0.06,-7.17,-3.91,3.92|0.09,0.01,0.43,-7.24,0.31,0.19|0.12,0.18,0.43,-3.22,-2.92,3.81
0.12,0.04,0.05,-7.27,-3.90,0.79|0.09,0.00,0.44,-3.27,3.56,0.01|0.12,0.17,0.44,-3.36,-4.10,2.54
0.12,0.05,0.13,-7.51,-5.83,0.52|0.08,0.00,0.44,-3.65,1.98,0.24|0.12,0.17,0.44,-3.42,-4.43,0.35
0.12,0.05,0.06,-6.34,-5.56,0.37|0.09,0.00,0.43,-6.23,1.25,0.19|0.12,0.17,0.44,-4.10,-4.30,0.03
0.12,0.03,0.05,-7.72,-6.34,-1.95|0.10,0.00,0.38,-3.91,0.31,-1.80|0.12,0.18,0.43,-3.67,-3.67,-1.61
0.12,0.03,0.05,-5.31,-3.91,0.18|0.09,0.17,0.38,-7.57,0.01,-0.96|0.12,0.18,0.43,-4.85,-3.30,-0.17
0.12,0.04,0.05,-5.44,-2.41,-1.37|0.09,0.00,0.38,-7.27,1.95,-1.95|0.12,0.19,0.43,-5.40,-1.69,-0.90
0.12,0.05,0.06,-5.83,0.00,0.24|0.09,0.01,0.38,-7.68,0.25,0.50|0.12,0.18,0.43,-4.97,0.22,1.34
0.11,0.05,0.06,-5.56,1.07,0.18|0.09,0.00,0.38,-5.61,0.17,0.76|0.12,0.18,0.43,-4.08,0.89,0.73
0.12,0.05,0.06,-7.73,-4.12,0.12|0.09,0.00,0.38,-3.85,3.60,-3.37|0.12,0.18,0.43,-3.67,-0.11,-0.60
0.12,0.05,0.06,-10.93,-3.90,0.24|0.09,0.01,0.44,0.00,4.40,-3.64|0.12,0.18,0.44,-2.70,-1.37,-1.34
0.13,0.05,0.06,-10.75,-3.79,-1.59|0.00,0.00,0.38,1.10,4.15,-5.36|0.13,0.18,0.45,-2.53,-2.61,-1.47
0.13,0.04,0.13,-11.42,-7.63,-2.63|0.00,0.00,0.38,0.13,4.09,-3.37|0.13,0.17,0.44,-3.85,-3.65,-2.24
0.13,0.03,0.06,-13.41,-4.64,-3.79|0.00,0.00,0.38,-5.37,3.56,-6.66|0.13,0.17,0.43,-5.09,-4.08,-3.80
0.13,0.05,0.06,-7.81,-3.66,-1.85|0.09,0.01,0.44,-10.69,1.00,-1.92|0.12,0.18,0.44,-7.90,-2.83,-0.71
0.13,0.03,0.04,-12.82,-5.13,0.09|0.00,0.01,0.43,-11.91,2.31,0.02|0.13,0.17,0.43,-7.89,-1.47,0.35
0.12,0.04,0.05,-11.42,-5.35,3.18|0.09,0.02,0.38,-11.59,0.49,2.11|0.12,0.18,0.44,-7.86,-1.30,3.59
0.12,0.05,0.04,-7.82,-5.85,0.03|0.09,0.00,0.38,-12.55,0.50,0.06|0.12,0.18,0.43,-7.79,-1.48,1.58
0.12,0.04,0.05,-7.82,-3.91,0.85|0.08,0.02,0.38,-6.78,0.98,0.07|0.11,0.18,0.43,-5.75,0.02,3.80
0.11,0.05,0.04,-7.79,-3.88,1.07|0.09,0.00,0.38,-6.59,0.03,3.00|0.11,0.18,0.43,-4.56,-0.24,2.89
0.11,0.05,0.05,-3.89,0.34,0.00|0.10,0.02,0.38,0.67,0.02,1.99|0.11,0.18,0.44,-2.82,0.00,2.73
0.12,0.05,0.04,-5.85,-3.66,0.51|0.09,0.01,0.44,0.14,0.06,0.02|0.11,0.17,0.44,-1.72,-0.11,0.37
0.12,0.03,0.05,-5.37,0.00,0.73|0.09,0.02,0.44,0.49,0.06,1.00|0.12,0.17,0.43,-1.55,0.13,0.98
0.12,0.03,0.03,-6.44,-1.89,0.76|0.09,0.01,0.43,0.02,0.03,0.25|0.12,0.17,0.44,-2.56,-0.09,0.40
0.00,0.04,0.06,-7.81,-0.85,1.10|0.09,0.00,0.44,0.13,-2.87,0.12|0.12,0.17,0.44,-3.59,-0.59,1.13
0.11,0.04,0.06,-7.77,-1.10,0.60|0.09,0.00,0.44,-5.68,-1.21,0.98|0.12,0.18,0.44,-4.81,-1.35,1.18
0.11,0.04,0.06,-4.70,-2.40,0.00|0.08,0.00,0.44,-7.68,0.04,0.13|0.12,0.17,0.44,-4.56,-2.56,0.21
0.11,0.04,0.04,-3.89,-3.40,0.51|0.10,0.02,0.38,-7.22,0.12,0.13|0.11,0.18,0.44,-3.88,-3.07,0.87
0.00,0.03,0.06,-3.76,0.50,0.49|0.10,0.02,0.39,-3.66,-3.42,3.70|0.11,0.18,0.44,-3.63,-3.32,-0.37
0.11,0.04,0.04,-3.35,1.39,-0.12|0.09,0.03,0.39,-6.84,-2.93,0.31|0.11,0.18,0.43,-2.99,-2.68,0.40
0.11,0.04,0.04,-3.85,0.05,0.00|0.09,0.02,0.38,-3.91,-3.79,1.01|0.11,0.18,0.43,-2.92,-1.92,1.16
0.11,0.03,0.06,-2.81,-1.21,2.95|0.10,0.03,0.39,-2.68,-3.66,0.15|0.11,0.18,0.44,-2.52,-1.18,3.18
0.11,0.03,0.04,-2.53,-1.71,3.46|0.10,0.02,0.44,-1.83,-3.73,2.56|0.12,0.17,0.44,-1.96,-1.54,3.63
0.11,0.03,0.06,-1.88,-1.94,4.90|0.10,0.02,0.38,0.00,-3.73,4.28|0.12,0.18,0.43,-1.84,-1.89,5.45
0.11,0.03,0.04,-2.56,-3.79,0.25|0.09,0.02,0.38,-2.20,-5.62,4.18|0.11,0.18,0.43,-2.34,-1.14,7.33
0.00,0.02,0.04,0.07,-2.93,1.65|0.09,0.02,0.39,-3.79,-6.76,7.85|0.11,0.18,0.43,-3.79,-0.51,9.95
0.01,0.00,0.06,2.70,-1.89,1.97|0.09,0.00,0.44,-5.37,-6.08,8.31|0.10,0.19,0.44,-4.27,-0.24,10.34
0.01,0.03,0.07,0.13,-0.95,0.11|0.10,0.00,0.44,-5.86,-5.55,0.55|0.10,0.18,0.45,-4.73,-1.51,8.40
0.00,0.03,0.06,-1.92,0.73,0.98|0.10,0.02,0.38,-3.85,0.49,2.11|0.10,0.18,0.44,-1.53,-3.20,3.06
0.10,0.02,0.05,0.39,1.15,1.98|0.09,0.01,0.43,2.53,1.95,0.31|0.10,0.18,0.43,2.60,-4.38,1.60
0.00,0.00,0.05,1.50,1.48,3.05|0.10,0.01,0.38,0.01,0.49,-5.60|0.10,0.20,0.43,1.56,-3.98,-0.25
0.00,0.00,0.05,1.05,1.47,0.98|0.10,0.00,0.39,0.02,4.64,1.25|0.10,0.19,0.42,1.21,-1.95,1.31
0.00,0.00,0.03,0.01,1.96,5.05|0.00,0.00,0.39,4.27,3.92,-10.73|0.10,0.19,0.43,4.44,-1.67,-0.53
0.10,0.00,0.07,4.44,2.32,5.07|0.10,0.00,0.44,2.05,-1.68,0.61|0.10,0.19,0.44,6.50,-1.51,5.63
0.09,0.00,0.05,4.52,0.98,0.02|0.09,0.00,0.39,0.34,-7.44,0.61|0.10,0.19,0.44,5.43,0.05,1.78
0.00,0.01,0.05,0.27,2.20,0.00|0.10,0.00,0.43,0.27,2.21,0.08|0.10,0.20,0.43,1.23,3.96,8.38
0.10,0.00,0.07,1.11,4.27,0.09|0.09,0.04,0.38,-7.45,5.03,6.11|0.11,0.19,0.44,-4.66,5.30,7.11
0.10,0.00,0.07,0.25,4.15,3.91|0.11,0.00,0.38,-7.78,0.03,0.00|0.11,0.19,0.44,-7.20,4.37,4.86
0.00,0.00,0.13,1.40,0.00,5.86|0.11,0.00,0.44,-10.26,0.06,0.12|0.11,0.19,0.44,-10.31,2.44,6.30
0.11,0.00,0.05,0.01,1.95,5.08|0.00,0.00,0.38,0.06,0.15,5.15|0.12,0.19,0.44,-11.14,2.05,4.95
0.10,0.00,0.05,-10.75,0.24,7.82|0.01,0.00,0.43,0.13,0.27,7.95|0.11,0.19,0.43,-10.45,0.23,8.66
0.00,0.00,0.06,-9.77,-7.02,5.47|0.01,0.00,0.44,-9.69,1.59,4.18|0.11,0.19,0.44,-8.50,-2.23,5.72
0.00,0.00,0.06,-6.81,-6.22,1.95|0.00,0.00,0.38,-7.69,0.13,0.27|0.10,0.19,0.44,-6.66,-4.27,3.29
0.10,0.03,0.05,-6.32,-7.75,0.00|0.10,0.02,0.43,-7.69,0.24,0.08|0.10,0.19,0.43,-4.18,-5.47,1.53
0.00,0.00,0.05,-7.56,-7.69,0.12|0.09,0.00,0.38,-3.77,0.55,0.12|0.10,0.19,0.43,-3.17,-5.15,0.63
0.00,0.02,0.04,-7.77,-5.34,0.00|0.10,0.02,0.44,-6.77,0.79,1.48|0.10,0.19,0.44,-3.03,-4.26,1.68
0.10,0.02,0.05,-5.85,-3.77,0.07|0.10,0.03,0.38,-5.84,4.40,0.12|0.10,0.18,0.43,-1.84,-3.25,1.09
0.11,0.03,0.05,-10.01,-3.90,1.02|0.10,0.02,0.38,-6.82,5.04,1.15|0.10,0.19,0.44,-2.33,-2.87,1.25
0.00,0.03,0.06,-7.47,-3.89,0.49|0.11,0.00,0.38,-3.79,4.15,0.02|0.11,0.18,0.44,-2.26,-2.63,0.79
0.11,0.03,0.07,-3.91,0.02,0.06|0.11,0.02,0.44,-7.21,3.97,0.75|0.11,0.19,0.44,-3.37,-2.16,0.95
0.12,0.03,0.04,-4.98,-2.08,0.73|0.10,0.02,0.43,-4.63,4.00,0.06|0.12,0.17,0.43,-3.81,-1.87,0.58
0.00,0.03,0.06,-4.89,-3.88,0.49|0.10,0.01,0.44,-7.81,0.98,2.38|0.11,0.18,0.44,-4.94,-2.32,3.70
0.00,0.02,0.07,-7.49,0.03,0.49|0.10,0.02,0.38,-6.84,0.24,2.20|0.12,0.17,0.44,-6.15,-3.33,2.08
0.12,0.04,0.06,-7.39,-3.91,1.10|0.10,0.02,0.44,-6.32,0.04,0.02|0.12,0.18,0.44,-6.79,-3.36,3.48
0.11,0.03,0.05,-6.83,-5.69,1.10|0.11,0.04,0.38,-7.80,0.03,1.10|0.12,0.18,0.43,-6.95,-4.32,2.85
0.00,0.03,0.05,-6.53,-6.82,0.00|0.10,0.01,0.44,-7.45,-7.63,0.50|0.11,0.18,0.44,-6.43,-4.70,1.89
0.11,0.04,0.04,-5.77,-5.47,0.56|0.09,0.00,0.43,-7.33,0.10,1.51|0.11,0.18,0.43,-5.05,-4.62,1.60
0.11,0.04,0.04,-7.73,-4.63,0.07|0.09,0.00,0.43,-3.88,2.26,1.47|0.11,0.18,0.43,-3.53,-3.96,1.24
0.00,0.03,0.07,-6.82,-5.49,-0.97|0.10,0.17,0.38,-3.40,2.06,-8.05|0.11,0.18,0.44,-1.99,-4.21,-0.37
0.00,0.04,0.04,-6.78,0.24,-0.90|0.10,0.02,0.38,-2.81,4.66,-5.83|0.11,0.17,0.44,-0.76,-3.30,-0.90
0.00,0.04,0.06,-5.82,-2.16,-0.73|0.09,0.01,0.44,-5.62,0.95,2.95|0.11,0.18,0.44,-2.20,-1.99,-0.50
0.11,0.04,0.06,-6.47,-1.92,-1.82|0.11,0.01,0.44,-6.59,3.93,-4.70|0.12,0.17,0.44,-2.52,-1.42,-1.05
0.11,0.03,0.06,-6.74,-1.46,-1.89|0.11,0.00,0.44,-2.93,0.18,2.23|0.12,0.18,0.44,-2.68,-1.39,-1.47
0.00,0.03,0.06,-5.12,-1.94,-1.65|0.12,0.05,0.44,1.74,-7.30,7.82|0.12,0.17,0.43,-4.29,-2.35,-1.70
0.12,0.04,0.07,-4.95,-3.82,-2.98|0.10,0.00,0.44,0.03,-19.54,39.95|0.12,0.18,0.44,-5.08,-3.19,-3.10
0.00,0.03,0.05,-7.44,-3.18,-1.95|0.04,0.16,0.38,-14.27,-7.81,10.75|0.11,0.18,0.44,-6.83,-3.02,-0.44
0.13,0.04,0.05,-6.70,-5.44,-6.84|0.11,0.00,0.38,-7.77,-5.36,0.98|0.11,0.16,0.43,-6.12,-4.22,-10.98
0.10,0.00,0.08,-7.33,-1.83,2.20|0.11,0.19,0.38,-7.26,-9.76,1.66|0.12,0.19,0.45,-7.17,-2.24,4.08
0.14,0.03,0.06,-14.46,-5.77,-6.82|0.00,0.16,0.42,-11.48,8.32,-15.57|0.14,0.18,0.44,-8.50,-5.28,-7.10
0.00,0.03,0.08,-11.66,-14.66,0.01|0.03,0.01,0.45,-3.79,0.25,-27.30|0.17,0.17,0.45,-3.75,-15.08,-10.84
0.00,0.03,0.06,-10.65,-18.08,0.00|0.02,0.01,0.44,2.03,7.95,-29.31|0.14,0.18,0.44,-1.95,-17.05,-21.11
0.10,0.03,0.03,-9.53,-17.56,0.02|0.06,0.00,0.42,2.50,8.85,-15.39|0.10,0.22,0.43,-0.83,-15.70,-8.20
0.00,0.00,0.05,0.12,-5.80,9.65|0.01,0.19,0.42,0.35,10.03,9.77|0.06,0.19,0.43,1.37,-5.00,9.94
0.07,0.03,0.03,0.49,1.96,0.06|0.07,0.03,0.38,0.49,0.11,0.12|0.07,0.16,0.42,0.52,2.85,16.31
0.11,0.00,0.03,-6.35,2.20,1.05|0.09,0.14,0.38,-6.35,0.00,-7.78|0.12,0.15,0.42,-0.05,2.44,-4.15
0.00,0.02,0.05,-4.76,3.92,1.22|0.00,0.21,0.38,-6.66,5.37,-28.29|0.13,0.21,0.43,-0.53,5.71,-11.36
0.00,0.02,0.07,-3.41,9.11,2.93|0.00,0.00,0.44,-11.47,1.50,0.09|0.12,0.20,0.44,-2.68,9.53,3.92
0.00,0.01,0.13,-4.89,11.89,0.16|0.12,0.00,0.44,-15.08,8.85,4.15|0.12,0.20,0.44,-4.80,13.52,12.59
0.12,0.00,0.13,0.49,0.63,0.65|0.11,0.00,0.38,-15.11,8.39,7.94|0.13,0.19,0.45,-7.47,11.82,12.31
0.13,0.00,0.06,1.00,2.09,10.02|0.11,0.00,0.38,-7.79,4.92,2.23|0.13,0.19,0.44,-7.57,7.03,9.97
0.13,0.00,0.07,0.00,-1.85,7.83|0.11,0.00,0.38,0.20,0.50,0.03|0.12,0.19,0.44,-5.62,-0.59,8.50
0.11,0.00,0.05,-5.85,-4.73,8.32|0.11,0.00,0.44,0.37,2.59,1.47|0.12,0.20,0.44,-5.48,-5.54,9.44
0.00,0.00,0.13,-4.88,-11.24,8.82|0.10,0.00,0.44,-4.89,2.23,0.50|0.11,0.18,0.45,-4.97,-9.17,8.20
0.00,0.03,0.13,-3.79,0.01,0.01|0.10,0.01,0.39,-6.58,1.22,3.94|0.11,0.19,0.44,-3.85,-11.96,3.73
0.10,0.04,0.06,-6.60,0.09,1.25|0.00,0.00,0.43,-3.73,1.95,1.63|0.10,0.18,0.43,-2.35,-12.38,1.64
0.00,0.02,0.05,-6.93,0.00,-5.85|0.00,0.01,0.39,0.04,0.69,12.70|0.10,0.18,0.43,-3.27,-10.88,-0.81
0.10,0.03,0.04,-4.39,-6.56,0.02|0.10,0.17,0.38,-5.37,0.00,0.15|0.11,0.18,0.41,-4.44,-5.33,1.27
0.00,0.00,0.04,-7.82,0.18,0.50|0.10,0.02,0.38,-7.82,0.37,0.05|0.10,0.19,0.42,-6.82,-1.22,2.84
0.00,0.03,0.13,-6.72,0.00,0.24|0.09,0.00,0.38,-7.78,0.18,0.09|0.11,0.18,0.44,-6.31,0.41,1.06
0.11,0.03,0.13,-7.81,0.26,-2.81|0.09,0.02,0.43,-3.91,0.03,-3.66|0.12,0.18,0.44,-3.69,0.17,-3.15
0.12,0.00,0.05,-7.66,-0.93,-3.64|0.10,0.01,0.43,-3.11,0.00,-3.91|0.12,0.19,0.43,-2.88,0.12,-3.18
0.13,0.03,0.06,-7.51,-0.46,-3.79|0.11,0.01,0.43,-2.63,4.40,-3.89|0.13,0.18,0.43,-2.63,-0.24,-3.40
0.12,0.00,0.13,-10.70,-1.95,-1.95|0.11,0.01,0.38,-3.90,3.18,-3.42|0.12,0.18,0.43,-2.71,-0.38,-1.26
0.12,0.03,0.06,-7.28,-1.82,-1.34|0.11,0.00,0.43,-7.67,1.97,-1.76|0.12,0.18,0.43,-3.39,-2.14,-1.11
0.12,0.00,0.07,-5.83,0.18,-3.42|0.10,0.00,0.38,-5.19,0.00,-2.11|0.12,0.19,0.44,-4.99,-2.43,-1.66
0.00,0.04,0.13,-7.19,0.10,-2.89|0.10,0.01,0.44,-4.88,0.00,-3.79|0.12,0.18,0.45,-4.90,-3.90,-1.04
0.12,0.04,0.13,-7.67,-5.49,0.06|0.09,0.01,0.38,-3.78,2.00,0.51|0.12,0.18,0.44,-3.73,-4.86,0.27
0.12,0.03,0.13,-6.78,-5.85,-3.66|0.10,0.00,0.43,-6.81,2.17,-3.89|0.12,0.18,0.43,-4.05,-4.94,-2.59
0.11,0.04,0.06,-7.03,-3.89,-1.59|0.10,0.00,0.38,-7.21,0.37,-1.89|0.11,0.19,0.43,-5.25,-4.01,-1.53
0.00,0.03,0.13,-13.19,-7.44,0.06|0.10,0.01,0.44,-7.69,4.05,0.00|0.11,0.18,0.44,-5.48,-2.42,0.56
0.11,0.04,0.06,-4.64,-5.48,0.14|0.09,0.02,0.38,-6.83,3.94,0.15|0.11,0.19,0.43,-4.56,-1.66,0.50
0.10,0.04,0.06,-5.68,-4.34,-0.49|0.09,0.00,0.38,-7.33,0.01,-1.34|0.11,0.18,0.44,-5.07,-0.24,-0.90
0.11,0.03,0.05,-4.74,0.09,-1.95|0.09,0.02,0.44,-6.72,0.02,-1.91|0.11,0.18,0.44,-4.37,0.20,-1.16
0.00,0.00,0.05,-7.48,0.02,1.04|0.10,0.01,0.43,-3.89,2.44,0.99|0.11,0.18,0.43,-3.37,0.08,1.15
0.11,0.03,0.05,-7.45,-3.87,1.22|0.10,0.01,0.38,-3.78,1.96,0.98|0.11,0.18,0.43,-3.56,-1.42,1.27
0.11,0.03,0.07,-7.21,-3.36,0.24|0.09,0.02,0.44,-3.84,1.02,0.00|0.12,0.18,0.44,-3.48,-2.53,0.35
0.00,0.04,0.05,-5.28,-3.18,0.98|0.09,0.01,0.43,-7.74,0.03,1.11|0.11,0.18,0.44,-4.08,-2.98,1.14
0.11,0.03,0.05,-7.65,-3.91,1.98|0.10,0.00,0.38,-3.90,0.02,1.96|0.11,0.19,0.43,-3.69,-2.66,2.56
0.11,0.04,0.06,-7.76,-3.82,0.15|0.09,0.01,0.38,-3.90,0.99,1.83|0.11,0.18,0.44,-3.41,-3.08,3.71
0.11,0.03,0.05,-3.84,-3.65,0.53|0.09,0.01,0.38,-2.93,0.00,0.24|0.11,0.18,0.44,-2.60,-3.76,0.54
0.11,0.04,0.05,-6.81,-3.79,0.06|0.11,0.02,0.38,-3.75,1.22,1.22|0.11,0.19,0.43,-2.74,-2.58,3.37
0.00,0.03,0.13,-7.80,-3.42,0.03|0.11,0.01,0.38,-3.91,1.42,2.08|0.11,0.18,0.43,-3.63,-2.60,1.92
0.11,0.03,0.05,-7.73,-2.20,0.08|0.10,0.02,0.38,-2.92,1.96,0.34|0.11,0.18,0.43,-3.23,-1.96,0.96
0.11,0.03,0.06,-6.84,-3.38,0.14|0.11,0.00,0.38,-2.92,1.95,0.70|0.11,0.19,0.43,-2.98,-1.03,1.69
0.11,0.03,0.06,-7.55,-3.88,0.07|0.10,0.02,0.43,-3.39,0.69,0.13|0.12,0.18,0.43,-3.16,-0.81,1.93
0.11,0.00,0.06,-5.82,-3.66,0.01|0.09,0.00,0.38,-6.34,1.53,0.37|0.11,0.19,0.44,-4.35,-0.42,2.17
0.00,0.03,0.06,-7.69,-2.89,2.46|0.11,0.02,0.44,-7.82,1.98,0.01|0.11,0.18,0.44,-4.78,-0.77,2.25
0.11,0.03,0.05,-7.57,-1.88,0.34|0.10,0.01,0.44,-4.60,0.31,0.00|0.12,0.18,0.44,-4.30,-1.87,1.39
0.11,0.00,0.05,-3.48,-3.40,1.95|0.10,0.00,0.38,-3.79,0.06,0.07|0.11,0.19,0.43,-3.69,-2.21,2.08
0.11,0.03,0.05,-3.91,-2.92,1.13|0.10,0.00,0.38,-3.91,1.01,0.25|0.11,0.18,0.43,-3.39,-2.71,1.64
0.10,0.03,0.06,-6.93,-7.79,-0.23|0.09,0.00,0.38,-3.91,0.74,-2.93|0.11,0.18,0.43,-2.70,-4.27,-0.42
0.00,0.00,0.05,-7.80,-6.84,0.37|0.11,0.00,0.43,-5.82,3.98,0.50|0.11,0.19,0.44,-4.54,-2.52,0.68
0.11,0.03,0.05,-7.21,-7.20,0.08|0.10,0.02,0.44,-7.21,2.14,-1.91|0.10,0.18,0.44,-5.21,-1.06,-1.95
0.11,0.00,0.05,-5.80,-3.42,0.13|0.09,0.02,0.44,-4.82,0.40,1.07|0.11,0.18,0.44,-4.64,-1.14,3.60
0.00,0.03,0.05,-5.84,-3.91,-0.97|0.10,0.00,0.38,-7.69,0.06,1.04|0.11,0.19,0.43,-5.66,-1.06,-0.19
0.11,0.03,0.06,-7.28,-3.79,2.52|0.10,0.02,0.44,-6.84,1.95,0.06|0.11,0.18,0.44,-6.03,-1.81,2.56
0.00,0.00,0.06,-5.34,-2.87,1.22|0.09,0.00,0.44,-6.81,1.98,1.13|0.11,0.19,0.44,-5.08,-2.02,1.99
0.10,0.03,0.04,-7.45,-3.17,-1.83|0.11,0.02,0.44,-7.57,0.86,1.22|0.11,0.18,0.43,-4.69,-3.10,-1.04
0.12,0.03,0.06,-4.34,-3.53,1.97|0.11,0.01,0.43,-6.73,0.01,2.04|0.11,0.18,0.44,-3.96,-2.36,3.34
0.11,0.03,0.04,-3.79,-3.91,0.12|0.11,0.01,0.38,-2.87,0.98,0.03|0.11,0.19,0.43,-2.43,-2.65,1.34
0.00,0.03,0.06,-3.73,-3.53,2.93|0.11,0.00,0.44,-3.78,0.24,1.98|0.11,0.18,0.44,-3.69,-3.69,2.66
0.11,0.02,0.06,-3.81,-5.86,-1.83|0.11,0.02,0.44,-6.84,0.03,-0.97|0.11,0.18,0.44,-2.85,-4.01,-0.92
0.00,0.00,0.06,-7.31,-3.65,2.44|0.11,0.00,0.38,-3.77,0.18,1.96|0.11,0.19,0.44,-3.45,-2.45,3.82
0.11,0.03,0.04,-4.76,-3.88,0.01|0.10,0.02,0.38,-6.23,1.98,0.56|0.11,0.18,0.44,-4.18,-1.74,0.82
0.11,0.03,0.05,-7.82,-3.42,2.02|0.10,0.02,0.38,-3.90,1.42,1.96|0.11,0.18,0.43,-4.00,-2.43,2.11
0.11,0.03,0.05,-7.66,-3.89,0.61|0.09,0.02,0.38,-3.82,0.86,0.00|0.11,0.18,0.44,-3.60,-2.89,0.05
0.00,0.03,0.05,-7.81,-3.85,0.60|0.09,0.01,0.43,0.09,1.10,0.79|0.11,0.19,0.44,-3.66,-2.01,0.04
0.11,0.02,0.04,-7.08,-3.89,0.02|0.11,0.00,0.38,0.03,2.27,0.00|0.11,0.18,0.44,-3.74,-1.24,-0.27
0.11,0.00,0.05,-4.58,-1.92,0.08|0.10,0.00,0.44,-7.73,2.44,0.01|0.11,0.19,0.44,-4.82,-0.78,1.63
0.00,0.03,0.06,-4.88,-1.92,-0.95|0.10,0.02,0.44,-4.64,2.03,-0.73|0.11,0.18,0.44,-4.53,-1.45,-0.79
0.00,0.00,0.04,-4.58,-1.11,0.09|0.10,0.00,0.38,-7.31,0.73,0.02|0.11,0.19,0.43,-4.28,-1.25,1.29
0.00,0.03,0.06,-7.54,1.00,-0.97|0.09,0.02,0.44,-7.81,1.01,-0.73|0.11,0.18,0.44,-4.69,-2.27,-0.52
0.11,0.02,0.05,-3.89,0.73,-0.92|0.11,0.02,0.38,-7.82,0.06,0.00|0.11,0.18,0.43,-3.92,-2.15,-0.94
0.11,0.03,0.05,-7.82,0.03,-0.98|0.11,0.02,0.44,-3.91,0.00,1.22|0.11,0.18,0.44,-3.66,-2.91,-0.50
0.00,0.03,0.06,-7.33,-3.42,-0.95|0.11,0.01,0.44,-3.91,0.49,0.50|0.11,0.19,0.44,-3.53,-3.24,-0.40
0.11,0.03,0.04,-7.73,-3.05,-1.61|0.11,0.01,0.44,-3.77,0.57,-1.90|0.11,0.18,0.44,-3.56,-3.28,-1.56
0.00,0.00,0.05,-6.03,0.08,0.61|0.11,0.00,0.38,-7.69,0.98,0.04|0.11,0.19,0.43,-3.89,-2.90,1.38
0.11,0.03,0.05,-7.56,-3.66,0.06|0.10,0.01,0.38,-3.91,1.59,0.37|0.11,0.18,0.43,-3.56,-2.46,0.05
0.10,0.03,0.05,-7.66,-3.91,1.02|0.10,0.02,0.44,-3.90,0.07,1.02|0.11,0.18,0.44,-3.20,-3.39,1.24
0.00,0.03,0.06,-3.62,-3.40,0.00|0.11,0.00,0.38,-3.86,0.52,0.10|0.11,0.19,0.43,-3.95,-3.02,0.16
0.00,0.03,0.05,-5.34,-3.37,0.01|0.09,0.02,0.38,-7.01,1.01,0.99|0.11,0.18,0.44,-4.20,-2.02,1.27
0.11,0.03,0.06,-7.20,-3.40,2.00|0.09,0.01,0.44,-3.36,0.15,0.75|0.11,0.18,0.44,-3.19,-2.03,2.57
0.00,0.02,0.05,-3.91,0.00,-1.65|0.09,0.00,0.38,-3.36,0.24,0.12|0.11,0.18,0.43,-3.46,-3.05,-1.40
0.11,0.03,0.05,-4.12,0.00,-0.47|0.09,0.00,0.38,-7.31,0.41,0.00|0.11,0.19,0.43,-3.96,-3.05,-0.21
0.11,0.03,0.06,-4.87,-3.81,0.56|0.10,0.00,0.38,-7.30,1.22,0.01|0.11,0.19,0.44,-4.31,-2.77,1.02
0.11,0.03,0.05,-7.54,-3.42,1.10|0.09,0.02,0.38,-3.79,1.47,0.31|0.10,0.19,0.43,-3.65,-2.45,1.25
0.11,0.00,0.06,-7.72,-2.72,1.37|0.10,0.00,0.38,-3.79,0.37,0.50|0.11,0.19,0.44,-3.66,-2.56,2.12
0.11,0.03,0.06,-7.18,-3.88,1.03|0.10,0.02,0.38,-3.42,1.22,0.00|0.11,0.19,0.44,-3.27,-2.75,1.01
0.10,0.03,0.05,-7.82,-2.59,0.81|0.10,0.01,0.38,-2.92,1.22,0.18|0.11,0.18,0.44,-2.95,-2.15,1.85
0.11,0.02,0.05,-7.79,-3.91,0.98|0.11,0.01,0.38,-3.91,2.22,0.98|0.11,0.18,0.43,-3.90,-1.73,1.27
0.10,0.03,0.06,-7.82,-3.79,0.12|0.09,0.02,0.44,-7.79,2.09,0.12|0.11,0.19,0.44,-4.55,-1.22,0.31
0.00,0.03,0.06,-5.10,-3.40,0.52|0.11,0.02,0.44,-7.82,2.44,1.00|0.11,0.18,0.44,-5.09,-1.58,1.25
0.00,0.03,0.06,-4.85,-2.87,-1.94|0.09,0.02,0.44,-6.77,0.50,0.43|0.11,0.18,0.44,-4.56,-2.39,-0.18
0.11,0.03,0.05,-5.37,-3.91,-1.30|0.09,0.01,0.44,-7.32,0.98,-0.98|0.11,0.18,0.44,-5.37,-3.09,-1.04
0.11,0.03,0.05,-5.59,-3.54,0.50|0.11,0.00,0.44,-7.82,0.85,0.18|0.11,0.18,0.44,-5.52,-2.75,0.63
0.00,0.03,0.04,-5.78,-3.27,0.03|0.09,0.01,0.38,-7.68,0.24,1.02|0.11,0.19,0.44,-5.53,-2.97,0.94
0.00,0.00,0.05,-4.99,-3.39,0.49|0.10,0.02,0.38,-7.30,0.98,1.72|0.11,0.19,0.44,-4.98,-2.27,2.04
0.00,0.03,0.06,-4.89,-2.18,0.56|0.10,0.02,0.38,-7.30,1.01,1.10|0.11,0.19,0.44,-4.50,-2.47,1.96
0.11,0.03,0.04,-4.88,-3.63,2.18|0.09,0.01,0.38,-6.35,1.49,2.04|0.11,0.19,0.44,-4.19,-2.05,2.05
0.11,0.03,0.05,-6.50,-5.62,2.60|0.10,0.02,0.38,-7.08,2.02,2.44|0.11,0.19,0.44,-4.04,-1.96,2.73
0.11,0.03,0.06,-5.86,-6.34,2.05|0.09,0.02,0.44,-7.30,1.47,2.99|0.11,0.18,0.43,-4.29,-2.19,2.85
0.10,0.03,0.05,-7.82,-6.35,0.27|0.10,0.02,0.38,-6.72,4.04,0.09|0.11,0.18,0.44,-4.21,-2.41,0.40
0.11,0.04,0.07,-5.28,-6.79,1.95|0.10,0.02,0.44,-7.63,1.04,2.96|0.11,0.18,0.44,-4.97,-2.56,3.11
0.00,0.03,0.06,-7.80,-3.14,0.00|0.11,0.01,0.38,-3.91,1.97,0.00|0.11,0.18,0.44,-3.82,-2.21,0.38
0.00,0.03,0.06,-4.82,-3.90,0.98|0.10,0.01,0.44,-6.68,0.40,1.14|0.11,0.17,0.44,-4.15,-3.73,1.40
0.10,0.03,0.06,-7.79,-5.86,-3.76|0.10,0.02,0.38,-3.90,2.96,-2.93|0.11,0.17,0.43,-3.69,-4.69,-2.94
0.01,0.00,0.04,-7.57,-3.40,-1.40|0.11,0.00,0.43,-6.75,4.59,-2.95|0.11,0.19,0.43,-4.79,-3.33,-0.40
0.00,0.03,0.04,-7.08,-2.87,-0.46|0.09,0.02,0.38,-5.86,1.24,-1.94|0.11,0.18,0.43,-4.79,-2.47,-0.85
0.00,0.03,0.04,-6.35,-3.42,0.49|0.10,0.02,0.44,-7.82,0.99,0.04|0.11,0.18,0.44,-4.37,-2.28,0.40
0.11,0.03,0.04,-6.14,-2.66,0.00|0.10,0.02,0.38,-6.82,1.05,0.02|0.11,0.18,0.44,-3.92,-2.12,0.43
0.00,0.04,0.04,-7.77,-3.91,0.98|0.10,0.02,0.38,-3.53,1.95,0.33|0.11,0.18,0.44,-3.20,-2.00,0.92
0.00,0.02,0.06,-7.32,-2.68,0.85|0.10,0.02,0.44,-3.91,0.61,0.00|0.11,0.18,0.44,-3.27,-2.39,0.92
0.11,0.03,0.04,-7.79,-3.91,0.66|0.09,0.01,0.38,-3.79,1.37,0.64|0.11,0.18,0.44,-3.94,-2.18,1.12
0.00,0.02,0.03,-6.84,-1.90,3.21|0.10,0.00,0.44,-4.89,1.97,1.96|0.11,0.18,0.44,-4.71,-1.88,3.10
0.00,0.03,0.04,-6.67,-3.54,2.05|0.10,0.02,0.38,-6.60,1.48,0.26|0.11,0.19,0.44,-3.95,-2.20,3.34
0.00,0.03,0.06,-3.60,-2.86,4.15|0.09,0.02,0.44,-3.89,1.02,0.43|0.11,0.18,0.44,-3.69,-2.71,4.69
0.11,0.03,0.06,-3.91,-3.42,2.23|0.10,0.02,0.38,-3.89,0.73,0.27|0.11,0.18,0.44,-3.44,-3.37,3.32
0.00,0.03,0.04,-4.03,-3.91,4.00|0.09,0.02,0.44,-6.66,1.28,0.15|0.11,0.18,0.43,-3.98,-2.76,5.05
0.01,0.02,0.04,-7.82,-3.91,4.15|0.09,0.02,0.39,-7.57,-2.43,4.02|0.11,0.18,0.44,-4.34,-2.24,4.32
0.00,0.03,0.04,-7.68,-3.85,0.26|0.09,0.02,0.38,-5.31,-1.95,1.31|0.11,0.19,0.43,-5.17,-1.21,5.47
0.00,0.03,0.06,-7.45,-4.29,0.04|0.11,0.01,0.38,-7.76,0.49,1.47|0.11,0.19,0.44,-4.80,-0.27,5.50
0.11,0.03,0.04,-3.90,-5.86,7.33|0.10,0.02,0.38,-3.91,2.40,7.08|0.11,0.17,0.44,-2.89,-0.68,7.11
0.11,0.02,0.03,-7.81,-6.34,3.42|0.10,0.02,0.38,-2.64,1.59,2.47|0.11,0.18,0.44,-2.67,-2.34,3.56
0.00,0.03,0.04,-3.79,-7.56,3.11|0.09,0.00,0.44,-3.91,3.91,1.56|0.11,0.18,0.44,-4.05,-2.69,3.55
0.11,0.03,0.03,-3.89,-3.50,2.47|0.10,0.01,0.38,-7.82,0.81,0.03|0.11,0.17,0.43,-3.75,-2.95,2.29
0.11,0.03,0.03,-7.54,-3.89,3.07|0.10,0.02,0.38,-7.18,0.15,2.47|0.11,0.18,0.44,-3.92,-3.15,3.52
0.00,0.03,0.06,-4.74,-5.41,-0.98|0.10,0.00,0.44,-6.82,1.95,2.75|0.11,0.17,0.44,-4.07,-4.50,-1.32
0.11,0.03,0.06,-5.01,-6.83,-1.95|0.10,0.02,0.39,-6.35,2.93,-2.44|0.11,0.17,0.44,-4.20,-4.27,-2.11
0.10,0.03,0.03,-6.81,0.24,-3.78|0.10,0.01,0.38,-7.75,0.49,0.12|0.10,0.17,0.43,-4.19,-5.14,-4.14
0.00,0.03,0.04,-7.69,-5.36,-4.64|0.10,0.02,0.43,-7.27,0.92,0.27|0.11,0.17,0.43,-5.05,-4.73,-4.72
0.00,0.04,0.07,-7.21,-3.42,-3.89|0.09,0.01,0.44,-7.29,0.50,4.30|0.11,0.19,0.44,-6.14,-3.08,-3.31
0.00,0.03,0.07,-7.21,-1.88,-0.85|0.11,0.02,0.44,-4.82,4.00,-2.81|0.11,0.18,0.45,-4.03,-1.56,-0.63
0.00,0.02,0.02,-7.82,0.50,-1.71|0.11,0.02,0.38,-7.78,2.21,-0.36|0.11,0.18,0.43,-3.35,-1.36,-0.51
0.12,0.03,0.02,-12.57,0.31,-3.66|0.11,0.02,0.38,-6.34,0.09,0.01|0.12,0.17,0.43,-4.34,-2.98,-3.92
0.00,0.00,0.07,-7.77,0.02,-3.85|0.10,0.00,0.39,-7.69,0.49,-3.76|0.12,0.19,0.44,-3.05,-3.35,-2.77
0.00,0.03,0.04,-5.86,0.01,0.01|0.10,0.02,0.38,-5.86,0.18,0.02|0.12,0.18,0.43,-1.24,-4.11,0.06
0.00,0.02,0.07,-6.56,2.38,0.00|0.09,0.02,0.44,-3.91,-5.72,0.00|0.11,0.18,0.44,-0.04,-5.79,-1.39
0.00,0.03,0.07,0.02,1.56,0.03|0.10,0.02,0.44,-3.73,0.05,-2.66|0.11,0.19,0.44,-0.03,-5.69,-2.37
0.11,0.02,0.03,-2.87,0.00,-1.47|0.10,0.02,0.38,-3.79,1.85,-1.67|0.11,0.18,0.43,-0.43,-3.98,-1.44
0.00,0.02,0.04,-3.30,1.31,0.26|0.10,0.03,0.38,-3.75,0.77,2.57|0.11,0.18,0.43,-3.28,-2.05,2.61
0.00,0.02,0.05,-3.85,-1.47,0.10|0.10,0.02,0.38,-3.91,-1.86,0.03|0.11,0.17,0.43,-3.78,-1.23,0.21
0.00,0.00,0.04,-3.66,0.18,0.18|0.09,0.00,0.38,-3.83,0.00,0.00|0.11,0.19,0.44,-3.56,0.24,4.50
0.11,0.04,0.05,-2.69,1.95,1.05|0.11,0.02,0.38,-2.90,-2.75,0.77|0.11,0.18,0.44,-2.17,-0.66,1.89
0.11,0.03,0.06,-4.89,1.04,0.86|0.10,0.00,0.44,-2.85,-3.40,0.58|0.11,0.18,0.44,-0.60,-2.22,0.49
0.11,0.00,0.05,-5.05,-2.93,1.59|0.09,0.00,0.43,-3.39,0.11,3.97|0.11,0.19,0.43,-1.38,-2.46,-3.84
0.11,0.00,0.07,-7.20,0.49,0.07|0.10,0.00,0.38,-7.54,0.03,0.00|0.11,0.19,0.44,-5.65,0.40,1.10
0.11,0.03,0.06,-6.96,1.07,2.53|0.10,0.00,0.43,-7.82,0.50,1.95|0.11,0.17,0.43,-5.96,1.34,2.16
0.11,0.02,0.06,-5.71,-3.42,0.27|0.11,0.02,0.44,-5.59,2.47,0.13|0.11,0.18,0.44,-5.68,-1.25,-0.33
0.11,0.03,0.05,-7.42,-3.88,-3.89|0.11,0.00,0.38,-7.76,4.03,0.03|0.11,0.19,0.43,-7.55,-2.53,-3.89
0.11,0.00,0.05,-12.46,0.01,0.99|0.11,0.00,0.38,-9.52,0.00,0.61|0.11,0.20,0.43,-8.49,0.51,2.24
0.00,0.02,0.07,-13.73,-1.47,2.93|0.10,0.00,0.44,-7.76,2.49,0.01|0.11,0.19,0.44,-7.85,-0.44,2.52
0.10,0.03,0.04,-5.34,-2.93,0.00|0.09,0.02,0.38,-7.65,1.16,0.55|0.11,0.18,0.43,-3.81,-3.65,0.11
0.10,0.00,0.04,-7.63,-5.86,0.27|0.09,0.00,0.43,-4.63,0.08,-0.97|0.11,0.19,0.43,-1.02,-5.50,-0.58
0.00,0.00,0.06,-7.81,-6.64,0.26|0.10,0.00,0.44,-1.95,0.06,-3.91|0.11,0.19,0.44,-1.69,-6.21,-3.87
0.00,0.01,0.06,-9.89,-7.66,-1.37|0.09,0.00,0.38,-3.87,4.47,-3.30|0.11,0.19,0.43,-2.18,-3.38,-0.60
0.10,0.02,0.04,-7.73,-3.77,3.91|0.10,0.02,0.38,-3.91,2.08,0.73|0.11,0.18,0.43,-2.79,-1.42,3.86
0.00,0.02,0.05,-5.82,-1.86,1.97|0.11,0.03,0.38,-6.83,2.14,1.97|0.11,0.19,0.43,-4.91,-0.72,2.25
0.01,0.03,0.06,-7.82,-1.95,2.08|0.11,0.02,0.38,-5.85,2.21,0.15|0.11,0.19,0.44,-4.67,0.04,2.32
0.11,0.00,0.07,-3.42,-1.83,1.38|0.11,0.02,0.44,-3.85,0.98,1.95|0.11,0.19,0.44,-2.99,-0.87,1.90
0.00,0.02,0.05,-3.56,-1.34,2.27|0.09,0.01,0.38,-3.89,0.05,1.96|0.11,0.19,0.43,-2.89,-1.39,2.14
0.00,0.03,0.05,-3.91,-1.70,1.99|0.11,0.02,0.38,-3.91,0.18,0.00|0.11,0.19,0.44,-3.89,-2.00,1.93
0.00,0.00,0.04,-6.81,-1.95,0.00|0.10,0.00,0.44,-2.79,1.04,6.85|0.11,0.19,0.44,-2.10,-1.99,7.50
0.00,0.02,0.05,-5.40,-3.79,0.08|0.10,0.02,0.38,-3.16,0.01,0.00|0.10,0.18,0.44,-1.47,-3.75,0.06
0.00,0.00,0.06,-4.89,-3.60,0.26|0.10,0.01,0.44,-5.68,0.09,0.00|0.11,0.20,0.44,-4.95,-2.31,1.38
0.10,0.00,0.06,-7.56,-1.92,0.51|0.09,0.01,0.44,-7.57,0.78,0.00|0.10,0.19,0.44,-5.51,-0.03,1.83
0.10,0.00,0.06,-4.85,-3.20,5.80|0.10,0.03,0.38,-7.07,0.02,0.58|0.11,0.19,0.44,-5.07,-0.31,5.60
0.10,0.02,0.04,-7.82,-2.31,1.59|0.09,0.02,0.38,-7.76,3.97,1.59|0.11,0.18,0.44,-5.37,-2.82,1.51
0.10,0.00,0.06,-7.66,-3.33,1.11|0.10,0.00,0.44,-7.32,4.66,0.02|0.11,0.19,0.44,-5.33,-3.31,1.73
0.11,0.02,0.06,-4.89,-3.90,1.03|0.10,0.02,0.38,-5.71,4.10,1.10|0.11,0.18,0.44,-4.65,-3.44,1.15
0.00,0.00,0.04,-7.05,-2.81,3.91|0.09,0.00,0.38,-7.80,0.98,4.53|0.11,0.19,0.44,-5.17,-2.43,4.66
0.00,0.02,0.04,0.25,-2.66,3.93|0.11,0.02,0.44,-7.75,0.13,3.97|0.11,0.18,0.44,-7.69,-2.60,5.35
0.11,0.03,0.06,-7.80,-3.88,0.63|0.10,0.03,0.38,-7.24,0.02,4.21|0.11,0.18,0.45,-6.97,-3.82,5.05
0.00,0.04,0.06,-4.85,-7.81,1.60|0.10,0.00,0.44,-6.81,0.49,1.47|0.11,0.17,0.43,-4.68,-6.89,1.49
0.10,0.04,0.04,-6.69,-11.42,-3.79|0.10,0.00,0.40,-2.92,4.40,-3.88|0.11,0.17,0.43,-2.36,-9.01,-3.98
0.11,0.03,0.04,-11.69,-7.73,-5.77|0.11,0.00,0.38,-3.65,0.07,0.14|0.11,0.18,0.43,-3.17,-7.23,-5.28
0.00,0.00,0.03,-7.79,-2.90,0.17|0.09,0.00,0.42,-6.83,0.00,-1.28|0.11,0.19,0.42,-4.85,-2.51,-0.98
0.10,0.03,0.06,-12.63,0.52,3.31|0.09,0.00,0.38,-7.63,0.50,2.20|0.11,0.17,0.44,-4.45,0.91,3.02
0.11,0.03,0.06,-5.82,1.05,2.08|0.09,0.02,0.38,-7.80,0.05,0.09|0.11,0.18,0.44,-4.02,0.65,2.05
0.00,0.04,0.07,-4.08,-1.93,-2.47|0.10,0.02,0.44,-7.75,4.37,-0.01|0.11,0.18,0.45,-4.32,-0.47,-2.50
0.12,0.04,0.04,-7.79,-3.26,-2.87|0.10,0.02,0.44,-3.87,2.99,0.23|0.12,0.18,0.43,-3.77,-1.17,-2.97
0.00,0.03,0.04,-6.40,-3.87,0.69|0.10,0.02,0.39,0.24,0.98,1.04|0.12,0.18,0.43,-2.63,-2.01,-4.08
0.00,0.03,0.04,-7.39,-1.89,0.01|0.10,0.00,0.38,0.84,0.55,0.73|0.12,0.18,0.43,-2.72,-1.79,-3.05
0.11,0.02,0.06,-7.60,-1.95,3.16|0.09,0.00,0.38,0.00,2.02,-5.47|0.11,0.18,0.44,-3.22,-2.03,-4.34
0.11,0.02,0.07,-7.44,-2.92,3.43|0.10,0.00,0.44,-3.65,-1.34,0.49|0.11,0.19,0.44,-3.57,-1.00,-0.49
0.00,0.01,0.07,-5.77,0.00,1.95|0.09,0.01,0.38,-7.77,0.09,2.11|0.11,0.20,0.44,-5.97,1.25,2.60
0.00,0.00,0.07,0.49,2.57,0.03|0.08,0.00,0.44,-7.51,0.00,7.83|0.11,0.19,0.45,-7.14,2.53,8.50
0.11,0.02,0.06,0.24,0.61,7.90|0.09,0.03,0.44,-7.66,0.24,7.02|0.11,0.18,0.44,-5.30,0.05,7.52
0.00,0.00,0.06,-6.35,-3.88,5.89|0.10,0.00,0.38,0.60,3.95,3.18|0.11,0.19,0.45,-4.09,-1.58,7.33
0.00,0.02,0.06,-3.74,-6.68,4.93|0.09,0.00,0.44,1.10,1.10,4.67|0.11,0.18,0.44,-3.91,-2.87,6.66
0.00,0.02,0.07,0.00,-3.89,4.03|0.10,0.02,0.44,-3.83,0.01,4.15|0.11,0.18,0.44,-3.83,-3.77,5.82
0.00,0.03,0.06,-3.89,-6.35,4.46|0.09,0.01,0.44,-3.66,0.14,0.15|0.11,0.17,0.44,-3.85,-3.82,4.14
0.00,0.02,0.06,-3.82,-3.54,4.92|0.10,0.02,0.44,-3.42,0.15,4.15|0.10,0.18,0.44,-3.14,-3.60,5.37
0.00,0.03,0.06,-3.76,-5.37,5.01|0.09,0.00,0.44,-7.45,1.48,0.00|0.10,0.16,0.44,-3.53,-4.04,5.23
0.00,0.02,0.04,-6.47,-4.56,1.05|0.10,0.03,0.38,-5.37,2.44,1.35|0.10,0.17,0.44,-4.53,-4.05,3.37
0.10,0.03,0.03,-4.89,-5.80,2.27|0.10,0.00,0.44,-7.81,3.36,0.13|0.10,0.17,0.43,-4.53,-4.16,1.95
0.00,0.03,0.06,-4.66,-3.63,1.95|0.10,0.02,0.39,-6.53,0.27,0.24|0.10,0.17,0.44,-4.58,-3.31,1.91
0.10,0.01,0.04,-5.73,-3.66,0.03|0.10,0.00,0.38,-5.85,0.02,0.61|0.11,0.17,0.44,-5.17,-2.21,0.56
0.00,0.03,0.06,-5.83,-3.51,1.98|0.11,0.02,0.38,-7.51,1.01,0.25|0.11,0.18,0.44,-5.72,-0.51,2.08
0.00,0.02,0.06,-7.80,-3.65,0.98|0.10,0.02,0.44,-7.80,1.95,0.00|0.11,0.17,0.44,-5.54,-0.88,0.85
0.11,0.02,0.03,-6.60,-3.91,-1.86|0.11,0.02,0.38,-7.69,2.20,-1.83|0.11,0.17,0.44,-4.32,-1.79,-1.46
0.00,0.03,0.06,-5.37,-2.38,-1.71|0.09,0.03,0.44,-5.54,0.63,0.02|0.11,0.18,0.45,-5.05,-2.24,-0.49
0.00,0.02,0.06,-6.50,-2.90,-3.18|0.10,0.02,0.44,-3.73,0.15,-2.78|0.11,0.17,0.44,-3.76,-2.60,-2.27
0.00,0.03,0.03,-7.57,0.12,-0.96|0.09,0.02,0.44,-3.35,0.00,0.03|0.11,0.17,0.44,-3.18,-3.66,-0.80
0.11,0.03,0.03,-7.69,0.04,-2.43|0.09,0.02,0.38,-3.71,0.00,-1.85|0.11,0.18,0.43,-3.41,-3.88,-1.76
0.00,0.03,0.06,-5.25,0.98,0.05|0.10,0.02,0.38,-7.16,1.24,0.49|0.11,0.18,0.44,-4.02,-2.85,0.68
0.00,0.02,0.04,-7.51,-2.68,0.00|0.10,0.02,0.44,-3.91,0.98,0.02|0.11,0.18,0.44,-3.63,-2.54,0.05
0.00,0.02,0.06,-7.63,0.00,0.00|0.11,0.02,0.44,-3.91,1.10,1.25|0.11,0.18,0.44,-2.76,-2.27,0.98
0.11,0.03,0.04,-6.69,-2.26,0.06|0.10,0.03,0.44,-2.78,0.03,0.01|0.11,0.18,0.44,-2.50,-1.98,1.27
0.00,0.03,0.04,-5.86,-1.95,1.25|0.10,0.02,0.38,-3.89,1.95,0.29|0.11,0.18,0.44,-1.95,-1.73,1.46
0.00,0.02,0.06,-7.45,-1.89,0.34|0.11,0.02,0.38,-2.43,2.08,0.55|0.11,0.18,0.44,-2.37,-1.11,1.83
0.00,0.02,0.06,-3.79,-1.92,1.27|0.11,0.02,0.44,-3.79,2.20,1.28|0.11,0.18,0.44,-2.73,-1.98,1.17
0.11,0.02,0.07,-7.33,-3.34,0.55|0.09,0.02,0.44,-6.82,0.20,0.55|0.11,0.17,0.44,-2.93,-2.58,1.47
0.00,0.02,0.04,-6.74,-3.85,0.27|0.09,0.02,0.44,-3.36,1.07,0.49|0.11,0.18,0.44,-2.99,-2.72,1.68
0.00,0.02,0.06,-3.85,-3.66,1.95|0.10,0.02,0.44,-3.91,0.28,0.24|0.11,0.17,0.44,-4.02,-3.42,1.68
0.00,0.02,0.06,-7.82,0.01,0.02|0.11,0.02,0.44,-4.88,0.00,0.37|0.11,0.18,0.44,-4.44,-3.65,0.63
0.11,0.03,0.06,-5.86,0.06,0.24|0.10,0.02,0.44,-7.82,0.02,0.18|0.11,0.18,0.44,-4.85,-3.24,1.20
0.11,0.02,0.05,-5.62,-3.36,1.08|0.11,0.02,0.38,-7.57,0.89,0.31|0.11,0.18,0.43,-4.63,-3.12,1.52
0.00,0.03,0.06,-4.85,-3.30,0.16|0.11,0.02,0.38,-7.82,0.29,0.02|0.11,0.18,0.44,-4.60,-3.05,0.85
0.00,0.00,0.05,-5.25,-3.89,0.77|0.11,0.02,0.44,-7.55,0.02,0.49|0.11,0.19,0.44,-4.03,-2.56,1.01
0.11,0.02,0.05,-7.81,-3.38,0.27|0.10,0.02,0.44,-3.30,0.98,0.24|0.11,0.18,0.43,-3.30,-2.29,1.44
0.11,0.03,0.04,-7.82,-3.77,0.81|0.09,0.02,0.38,-3.78,1.22,0.50|0.11,0.18,0.44,-3.20,-2.70,0.74
0.11,0.03,0.05,-6.75,-3.78,0.03|0.10,0.00,0.44,-4.64,0.67,0.29|0.11,0.19,0.44,-4.05,-2.25,1.43
0.00,0.04,0.06,-4.69,-3.89,1.95|0.10,0.02,0.44,-3.87,0.34,0.06|0.12,0.17,0.44,-3.97,-1.85,1.82
0.00,0.03,0.07,-7.80,-3.64,0.49|0.10,0.02,0.44,-3.91,0.00,0.00|0.12,0.18,0.44,-3.59,-2.50,1.94
0.11,0.02,0.04,-7.44,-3.41,-1.65|0.09,0.02,0.38,-7.27,0.49,-0.47|0.11,0.17,0.43,-4.08,-2.76,-0.18
0.11,0.03,0.04,-7.82,-3.83,2.08|0.10,0.00,0.38,-7.79,0.24,1.95|0.11,0.19,0.43,-5.45,-1.95,2.83
0.11,0.03,0.06,-6.23,-3.35,2.99|0.09,0.02,0.38,-7.79,1.96,0.71|0.11,0.18,0.44,-5.83,-1.75,2.96
0.00,0.03,0.06,-5.01,-3.82,1.01|0.09,0.02,0.44,-4.79,1.59,1.28|0.11,0.18,0.44,-4.99,-2.14,1.38
0.00,0.03,0.06,-4.87,-3.90,0.37|0.10,0.01,0.44,-7.69,1.02,0.24|0.11,0.18,0.45,-4.63,-2.63,1.37
0.11,0.03,0.05,-7.56,-3.72,0.53|0.10,0.02,0.43,-3.89,0.56,0.03|0.11,0.18,0.43,-3.11,-2.13,0.76
0.11,0.03,0.04,-7.21,-2.35,0.53|0.09,0.02,0.38,-2.92,1.95,0.07|0.11,0.18,0.43,-3.11,-2.15,1.02
0.00,0.04,0.04,-7.33,-3.33,0.37|0.10,0.02,0.38,-3.84,1.10,0.02|0.11,0.18,0.43,-3.62,-1.99,1.42
0.11,0.03,0.07,-7.81,-2.20,2.41|0.10,0.02,0.44,-4.35,0.27,2.63|0.11,0.18,0.44,-3.98,-1.95,2.53
0.11,0.03,0.06,-3.90,-2.26,0.00|0.10,0.02,0.44,-3.78,0.00,1.47|0.11,0.18,0.44,-3.66,-2.23,1.42
0.00,0.04,0.04,-7.80,-2.77,0.62|0.10,0.01,0.44,-6.82,0.28,1.05|0.11,0.17,0.44,-4.08,-2.43,1.28
0.11,0.03,0.06,-7.21,-3.91,0.25|0.10,0.02,0.44,-7.79,0.49,0.27|0.11,0.18,0.44,-4.96,-2.25,0.50
0.11,0.03,0.04,-5.60,-1.89,2.08|0.09,0.00,0.38,-7.79,2.06,0.66|0.11,0.18,0.44,-5.47,-1.63,2.50
0.00,0.03,0.06,-4.88,-3.79,1.25|0.09,0.02,0.44,-6.84,1.53,0.00|0.11,0.18,0.44,-4.92,-2.45,1.62
0.00,0.04,0.06,-5.00,-3.13,0.08|0.09,0.02,0.44,-7.50,0.06,0.77|0.11,0.18,0.44,-3.79,-2.74,0.71
0.00,0.03,0.06,-7.81,-2.75,0.32|0.10,0.02,0.38,-3.91,0.62,0.50|0.11,0.18,0.44,-3.50,-2.45,0.69
0.00,0.03,0.06,-7.57,-2.78,0.67|0.09,0.00,0.38,-3.85,1.26,1.36|0.11,0.17,0.44,-3.19,-2.13,1.37
0.11,0.03,0.06,-7.21,-2.56,0.55|0.09,0.01,0.44,-3.90,1.24,0.50|0.11,0.18,0.44,-2.94,-2.33,1.70
0.00,0.03,0.07,-6.76,-3.66,0.25|0.09,0.03,0.44,-7.82,1.10,0.98|0.11,0.18,0.44,-4.51,-2.26,1.82
0.11,0.04,0.06,-4.88,-3.15,2.05|0.09,0.01,0.44,-6.84,0.73,1.98|0.11,0.17,0.45,-4.54,-2.05,2.16
0.00,0.03,0.07,-7.69,-2.38,2.00|0.10,0.02,0.44,-5.60,0.56,0.15|0.11,0.18,0.44,-4.54,-2.16,1.98
0.11,0.03,0.03,-7.31,-3.66,0.74|0.09,0.02,0.38,-7.02,1.01,0.14|0.11,0.17,0.44,-5.21,-2.47,0.55
0.00,0.02,0.06,-5.62,-3.91,2.20|0.11,0.02,0.38,-7.48,0.68,0.00|0.11,0.18,0.44,-5.59,-2.34,2.50
0.00,0.04,0.06,-5.80,-2.56,1.97|0.09,0.00,0.44,-7.73,0.06,0.24|0.11,0.17,0.44,-5.17,-2.15,1.76
0.01,0.03,0.03,-4.89,-3.89,0.99|0.09,0.02,0.38,-7.08,0.14,0.09|0.11,0.18,0.43,-4.85,-2.29,1.60
0.00,0.03,0.04,-4.85,-3.35,0.99|0.10,0.02,0.38,-6.63,0.49,0.00|0.11,0.17,0.44,-4.27,-2.55,0.76
0.11,0.03,0.06,-7.66,-3.79,-0.58|0.09,0.02,0.44,-2.93,1.01,0.00|0.11,0.17,0.44,-2.69,-2.82,-0.02
0.00,0.03,0.04,-7.08,-2.44,0.00|0.09,0.02,0.38,-3.18,1.10,0.00|0.11,0.18,0.44,-3.25,-2.33,0.13
0.11,0.03,0.04,-7.78,-5.85,-0.84|0.09,0.02,0.38,-3.91,4.15,-1.92|0.11,0.17,0.44,-4.11,-1.81,-0.54
0.11,0.03,0.07,-4.78,-3.90,1.95|0.09,0.02,0.44,-7.79,2.02,1.98|0.11,0.17,0.44,-4.36,-1.60,2.02
0.00,0.03,0.06,-4.76,-3.56,-0.79|0.09,0.02,0.44,-5.78,2.00,0.00|0.11,0.18,0.44,-4.00,-1.56,0.11
0.00,0.03,0.06,-4.89,-3.05,0.21|0.08,0.00,0.44,-6.84,0.61,1.00|0.11,0.17,0.44,-4.90,-2.14,0.82
0.11,0.02,0.06,-7.24,-3.76,-0.73|0.10,0.02,0.44,-7.76,2.33,0.00|0.11,0.18,0.44,-4.80,-1.83,0.15
0.00,0.03,0.06,-5.85,-1.47,1.97|0.09,0.02,0.44,-7.73,2.20,0.87|0.11,0.18,0.44,-5.64,-1.40,1.95
0.00,0.02,0.06,-4.89,-3.87,0.31|0.10,0.00,0.38,-7.18,2.16,0.56|0.11,0.17,0.44,-4.85,-1.84,0.66
0.11,0.04,0.03,-4.75,-2.44,1.37|0.09,0.02,0.38,-7.57,0.27,1.08|0.11,0.18,0.44,-4.73,-2.79,1.38
0.00,0.03,0.07,-5.37,-2.93,0.24|0.09,0.02,0.44,-6.44,0.41,0.01|0.11,0.17,0.44,-4.28,-2.81,0.99
0.10,0.03,0.06,-10.48,-3.18,0.29|0.09,0.01,0.44,-2.92,0.37,0.52|0.11,0.18,0.44,-2.64,-3.11,0.43
0.11,0.03,0.02,-7.69,-3.42,0.03|0.09,0.02,0.38,-2.81,0.65,0.00|0.11,0.17,0.43,-2.80,-2.90,0.06
0.11,0.04,0.03,-7.29,-1.95,0.24|0.10,0.02,0.44,-7.47,2.08,0.02|0.11,0.18,0.44,-4.55,-1.76,0.71
0.11,0.03,0.06,-7.56,-3.36,0.89|0.09,0.00,0.44,-3.91,1.03,0.03|0.11,0.17,0.44,-3.82,-1.37,1.99
0.00,0.04,0.06,-3.49,-3.30,1.22|0.09,0.02,0.44,-3.91,0.37,0.49|0.11,0.17,0.44,-3.53,-1.82,1.76
0.00,0.03,0.03,-6.79,-3.62,0.40|0.09,0.00,0.38,-7.82,0.49,0.01|0.11,0.17,0.44,-4.82,-2.26,0.37
0.00,0.03,0.04,-7.79,-1.64,1.65|0.10,0.02,0.44,-7.31,2.08,0.00|0.11,0.17,0.44,-5.17,-1.48,1.87
0.00,0.04,0.07,-5.31,-3.78,1.16|0.10,0.00,0.44,-7.33,1.50,1.01|0.11,0.17,0.44,-5.10,-1.99,1.14
0.11,0.03,0.06,-4.88,-3.79,0.01|0.10,0.02,0.38,-6.35,1.89,0.00|0.11,0.17,0.43,-4.55,-2.04,0.40
0.01,0.03,0.06,-4.63,-3.60,1.11|0.09,0.02,0.44,-6.23,0.11,0.03|0.11,0.18,0.44,-4.52,-2.25,1.47
0.01,0.04,0.07,-7.65,-1.55,1.77|0.09,0.01,0.44,-3.88,0.06,1.04|0.10,0.17,0.44,-3.37,-1.82,1.40
0.10,0.03,0.06,-7.57,-3.66,-0.22|0.09,0.02,0.38,-2.67,0.26,0.04|0.11,0.17,0.44,-2.71,-1.95,0.23
0.00,0.03,0.06,-6.83,-3.76,0.18|0.10,0.02,0.44,-2.92,1.98,0.17|0.11,0.17,0.45,-2.99,-1.90,0.40
0.00,0.04,0.07,-7.69,-1.82,1.22|0.09,0.02,0.44,-3.18,2.02,0.00|0.11,0.17,0.45,-3.03,-1.66,1.69
0.00,0.03,0.07,-6.35,-1.65,0.12|0.10,0.01,0.44,-3.79,0.00,0.00|0.11,0.17,0.44,-2.08,-1.61,0.35
0.00,0.04,0.03,-7.19,-3.84,1.24|0.08,0.00,0.44,-3.40,0.12,0.03|0.11,0.17,0.44,-3.34,-2.43,1.14
0.00,0.02,0.06,-3.91,-2.90,0.31|0.09,0.02,0.44,-7.24,0.06,0.06|0.11,0.17,0.44,-4.00,-2.27,0.51
0.00,0.03,0.06,-4.89,-3.60,2.08|0.09,0.02,0.44,-7.08,1.61,0.03|0.10,0.17,0.44,-4.18,-2.36,1.82
0.00,0.02,0.06,-7.81,-3.83,1.27|0.09,0.02,0.44,-3.85,1.22,0.06|0.10,0.17,0.44,-3.86,-2.51,1.19
0.10,0.03,0.06,-4.27,-3.05,1.60|0.10,0.02,0.39,-6.81,0.01,1.13|0.10,0.18,0.44,-4.18,-2.08,1.92
0.00,0.03,0.06,-5.01,-1.95,0.98|0.09,0.02,0.44,-7.07,0.20,1.02|0.10,0.17,0.44,-4.24,-1.85,1.22
0.10,0.03,0.06,-7.07,-3.91,1.47|0.10,0.02,0.44,-3.85,2.08,0.37|0.10,0.17,0.44,-3.14,-1.90,1.30
0.00,0.03,0.06,-7.56,-3.34,-0.49|0.10,0.02,0.38,-3.72,0.79,0.28|0.10,0.17,0.44,-2.98,-2.30,-0.20
0.00,0.03,0.07,-3.84,-1.83,0.25|0.10,0.03,0.44,-4.01,1.95,0.92|0.11,0.19,0.44,-3.95,-1.92,1.16
0.00,0.03,0.07,-7.82,-1.82,0.69|0.10,0.01,0.44,-3.64,1.95,1.34|0.11,0.17,0.44,-3.69,-1.89,1.23
0.00,0.02,0.07,-7.60,-3.90,1.23|0.10,0.02,0.44,-3.54,1.25,0.53|0.10,0.18,0.45,-3.44,-2.46,1.41
0.00,0.01,0.06,-7.82,-3.66,0.08|0.09,0.01,0.38,-5.00,0.00,0.05|0.11,0.17,0.43,-4.93,-2.53,0.76
0.10,0.03,0.04,-7.56,-1.34,1.97|0.10,0.03,0.38,-7.79,1.95,0.02|0.10,0.18,0.44,-5.63,-1.44,2.47
0.00,0.03,0.06,-4.78,-1.87,2.14|0.10,0.01,0.44,-6.82,1.74,0.28|0.10,0.17,0.44,-4.69,-1.93,2.60
0.10,0.02,0.06,-7.44,-3.73,-0.82|0.10,0.02,0.44,-3.90,1.50,0.99|0.10,0.18,0.44,-3.66,-2.50,-0.30
0.00,0.03,0.06,-7.82,-3.16,1.37|0.10,0.02,0.44,-3.66,0.01,0.06|0.10,0.18,0.43,-3.69,-2.02,2.01
0.00,0.02,0.06,-7.08,-2.26,2.14|0.10,0.02,0.44,-3.39,1.56,0.50|0.10,0.18,0.44,-3.06,-2.43,2.44
0.00,0.02,0.07,-7.79,-3.89,1.47|0.10,0.02,0.44,-3.91,1.11,0.06|0.11,0.17,0.44,-2.43,-2.97,1.57
0.00,0.03,0.06,-6.59,-2.93,0.98|0.10,0.02,0.38,-3.91,0.87,0.02|0.11,0.17,0.43,-2.14,-2.98,0.82
0.00,0.03,0.06,-7.25,-2.90,2.50|0.10,0.03,0.44,-3.66,0.98,0.52|0.11,0.18,0.44,-3.43,-2.80,2.50
0.00,0.03,0.06,-6.60,-3.79,0.98|0.09,0.01,0.45,-2.69,1.22,0.29|0.11,0.17,0.45,-2.58,-2.38,1.01
0.00,0.03,0.06,-3.79,-2.91,1.95|0.10,0.02,0.44,-3.42,0.03,0.27|0.11,0.17,0.44,-3.44,-2.50,2.27
0.00,0.02,0.03,-7.30,-3.37,0.14|0.10,0.02,0.38,-7.28,0.00,0.56|0.11,0.18,0.44,-4.38,-2.25,0.93
0.00,0.03,0.03,-5.50,-3.66,2.93|0.10,0.02,0.44,-7.74,1.67,0.00|0.11,0.17,0.44,-4.82,-2.08,2.90
0.00,0.02,0.06,-4.61,-2.68,1.95|0.10,0.00,0.44,-6.83,1.95,0.03|0.11,0.18,0.44,-4.50,-2.29,1.98
0.00,0.03,0.06,-4.85,-2.93,1.73|0.10,0.02,0.44,-7.76,0.12,1.07|0.11,0.18,0.44,-4.67,-2.39,1.77
0.11,0.03,0.07,-4.89,-2.44,1.47|0.10,0.02,0.38,-7.32,0.30,1.10|0.10,0.17,0.44,-4.51,-2.18,1.62
0.00,0.03,0.07,-7.82,-3.36,1.04|0.10,0.02,0.38,-3.83,0.49,1.72|0.10,0.18,0.44,-3.69,-2.41,2.01
0.00,0.02,0.06,-7.33,-3.90,0.03|0.10,0.00,0.44,-3.66,1.06,-0.96|0.11,0.17,0.44,-3.02,-2.76,-0.27
0.00,0.03,0.04,-3.91,-2.39,0.06|0.10,0.02,0.38,-3.89,3.94,0.00|0.11,0.18,0.44,-3.87,-2.30,0.50
0.00,0.01,0.07,-4.88,-3.77,0.90|0.10,0.02,0.44,-6.56,1.95,1.22|0.11,0.17,0.44,-4.42,-1.65,1.69
0.00,0.02,0.06,-7.75,-3.89,1.03|0.10,0.02,0.44,-3.89,2.27,0.49|0.11,0.18,0.44,-3.57,-1.71,1.75
0.00,0.03,0.06,-7.33,-2.93,1.11|0.10,0.00,0.44,-7.56,0.02,0.02|0.11,0.17,0.45,-4.18,-2.57,1.36
0.00,0.02,0.06,-7.44,-2.69,0.12|0.10,0.02,0.44,-7.14,0.24,0.03|0.11,0.18,0.44,-4.89,-2.53,0.70
0.00,0.01,0.07,-5.30,-1.94,1.47|0.09,0.02,0.44,-7.73,1.47,0.99|0.11,0.17,0.44,-5.02,-2.13,1.43
0.00,0.02,0.04,-4.87,-1.93,1.73|0.11,0.03,0.38,-6.82,1.74,0.51|0.10,0.18,0.44,-4.39,-2.19,1.72
