0.49,0.03,0.15,-7.21,-1.50,-0.43|0.06,-0.23,0.95,-3.00,1.76,0.07|0.17,0.17,0.42,-5.85,-4.17,-5.39
0.49,0.03,0.15,-8.11,-2.27,-0.92|0.07,-0.23,0.94,-2.60,3.00,-0.47|0.17,0.19,0.42,-5.56,-4.23,-9.98
0.49,0.03,0.15,-8.12,-2.01,-0.83|0.07,-0.23,0.94,-2.31,4.01,-1.34|0.17,0.19,0.42,-4.79,-4.64,-6.74
0.50,0.02,0.15,-8.26,-0.57,-1.02|0.08,-0.24,0.95,-2.28,3.64,-0.32|0.18,0.19,0.42,-3.35,-4.39,-5.71
0.49,0.02,0.15,-7.72,-3.15,-1.47|0.07,-0.24,0.95,-3.72,3.65,-2.34|0.18,0.20,0.42,-4.85,-3.92,-5.08
0.49,0.03,0.15,-7.49,-2.32,-1.53|0.07,-0.23,0.95,-3.92,3.44,-3.57|0.17,0.19,0.42,-5.27,-4.07,0.37
0.49,0.03,0.15,-6.88,-2.50,-1.69|0.07,-0.23,0.95,-3.45,2.80,-3.27|0.17,0.19,0.42,-4.24,-4.07,-2.11
0.49,0.03,0.15,-6.65,-3.32,-1.37|0.07,-0.23,0.95,-2.85,2.87,-2.62|0.17,0.19,0.42,-3.26,-3.37,-0.24
0.49,0.02,0.14,-5.85,-1.77,-1.46|0.07,-0.23,0.95,-2.21,2.76,-0.47|0.17,0.18,0.41,-4.00,-3.69,-1.85
0.49,0.03,0.15,-7.30,-2.82,-1.57|0.08,-0.23,0.95,-1.73,3.32,-0.92|0.17,0.18,0.43,-5.61,-3.48,-2.76
0.49,0.03,0.15,-8.70,-2.34,-1.71|0.08,-0.24,0.95,-1.15,3.65,-0.73|0.17,0.18,0.42,-5.47,-4.05,-3.40
0.49,0.03,0.15,-10.50,-2.61,-2.50|0.08,-0.24,0.94,-1.85,4.27,-1.27|0.17,0.18,0.42,-5.76,-4.15,-3.80
0.50,0.02,0.15,-12.56,-3.05,-3.17|0.08,-0.25,0.94,-3.57,6.98,-4.75|0.16,0.18,0.42,-6.25,-5.22,-4.84
0.49,0.02,0.15,-15.02,-3.45,-3.17|0.08,-0.25,0.94,-4.61,8.37,-9.02|0.17,0.18,0.43,-8.11,-6.26,-7.65
0.49,0.02,0.15,-14.40,-1.23,-3.64|0.08,-0.24,0.94,-5.46,8.76,-11.08|0.16,0.18,0.42,-7.76,-7.17,-11.26
0.50,0.02,0.14,-14.87,-1.88,-3.27|0.07,-0.23,0.95,-5.89,9.28,-12.37|0.16,0.20,0.41,-7.34,-7.62,-11.69
0.49,0.02,0.15,-16.01,-4.27,-3.95|0.07,-0.22,0.95,-5.18,9.08,-12.13|0.17,0.20,0.42,-7.67,-7.70,-10.11
0.49,0.02,0.14,-16.06,-2.99,-4.09|0.07,-0.22,0.95,-3.50,8.50,-10.52|0.17,0.18,0.42,-6.98,-7.69,-10.67
0.49,0.02,0.15,-15.42,-2.49,-4.41|0.07,-0.23,0.95,-2.43,8.40,-9.70|0.17,0.19,0.42,-7.21,-8.17,-10.95
0.50,0.02,0.14,-14.87,-1.92,-4.24|0.07,-0.24,0.96,-2.40,9.20,-10.38|0.17,0.18,0.42,-8.19,-7.78,-9.65
0.49,0.01,0.15,-14.14,-3.96,-3.69|0.08,-0.23,0.95,-3.79,9.55,-11.60|0.17,0.17,0.42,-8.42,-8.15,-14.76
0.49,0.02,0.15,-13.09,-2.89,-2.85|0.08,-0.22,0.95,-4.76,8.21,-10.28|0.17,0.18,0.42,-9.56,-8.24,-14.53
0.50,0.02,0.14,-12.22,-3.79,-3.05|0.07,-0.23,0.96,-3.74,7.24,-9.08|0.16,0.19,0.42,-12.23,-7.86,-13.98
0.49,0.02,0.14,-12.37,-3.51,-2.49|0.08,-0.22,0.95,-2.51,6.89,-8.93|0.16,0.19,0.42,-13.92,-8.46,-16.74
0.49,0.02,0.15,-11.93,-4.12,-1.67|0.07,-0.23,0.95,-1.83,7.70,-8.66|0.16,0.20,0.41,-14.07,-7.92,-18.79
0.49,0.02,0.14,-12.48,-5.34,-1.88|0.07,-0.22,0.95,-1.62,8.64,-9.31|0.16,0.20,0.42,-12.44,-8.32,-16.34
0.50,0.02,0.14,-11.05,-2.99,-2.34|0.07,-0.22,0.95,-1.59,9.15,-8.84|0.16,0.21,0.41,-8.39,-7.50,-14.14
0.49,0.01,0.14,-12.24,-5.67,-2.18|0.07,-0.23,0.95,-2.31,9.85,-9.95|0.17,0.20,0.42,-6.78,-7.03,-10.31
0.50,0.02,0.14,-11.72,-4.88,-3.20|0.07,-0.22,0.95,-2.67,9.64,-9.78|0.17,0.20,0.41,-5.99,-6.57,-7.47
0.49,0.02,0.14,-10.70,-5.50,-3.03|0.07,-0.22,0.95,-2.93,9.15,-7.09|0.17,0.19,0.42,-8.73,-6.21,-4.14
0.49,0.02,0.13,-9.15,-4.37,-2.90|0.06,-0.22,0.95,-2.89,8.31,-9.19|0.17,0.19,0.41,-8.65,-5.53,-4.49
0.50,0.02,0.13,-9.64,-5.05,35.15|0.06,-0.22,0.96,-2.50,7.33,-6.54|0.17,0.19,0.42,-7.05,-5.47,-1.83
0.49,0.03,0.13,-8.66,-4.63,-2.73|0.06,-0.22,0.95,-3.35,6.69,-4.68|0.17,0.18,0.42,-5.51,-5.96,-2.08
0.50,0.03,0.13,-8.94,-4.56,-3.31|0.05,-0.22,0.95,-3.38,6.40,-3.34|0.18,0.18,0.42,-5.46,-6.19,-2.50
0.50,0.04,0.13,-10.19,-4.45,-3.43|0.05,-0.22,0.95,-2.68,6.48,-4.92|0.18,0.17,0.42,-5.24,-6.22,-2.61
0.50,0.04,0.13,-9.41,-5.16,-4.22|0.05,-0.22,0.95,-2.40,6.27,-2.59|0.18,0.17,0.42,-6.00,-7.04,-4.53
0.50,0.05,0.13,-7.86,-4.20,-5.50|0.04,-0.23,0.95,-2.89,6.39,-2.44|0.20,0.18,0.42,-5.66,-8.80,-3.77
0.50,0.05,0.13,-8.05,-4.36,-5.48|0.04,-0.23,0.95,-2.79,6.33,-2.37|0.20,0.18,0.41,-4.08,-11.23,-5.12
0.50,0.04,0.13,-7.17,-3.37,-5.10|0.04,-0.23,0.95,-2.69,6.30,-0.87|0.19,0.19,0.41,-2.11,-7.48,-5.22
0.50,0.05,0.13,-3.64,-0.74,-5.03|0.04,-0.23,0.96,-3.73,5.32,-0.17|0.19,0.20,0.40,-2.31,-5.92,2.94
0.49,0.05,0.12,-3.89,-0.29,-4.20|0.04,-0.23,0.96,-6.49,3.74,4.40|0.20,0.17,0.40,-4.94,-4.67,2.20
0.50,0.05,0.13,-3.92,-1.14,-4.31|0.05,-0.23,0.95,-7.27,2.07,8.10|0.20,0.19,0.41,-8.76,-2.80,2.42
0.49,0.06,0.13,-2.56,-0.94,-3.71|0.04,-0.24,0.95,-5.20,2.47,6.21|0.20,0.17,0.41,-6.29,-3.16,6.07
0.49,0.05,0.13,-3.97,-2.47,-3.11|0.04,-0.23,0.95,-3.14,3.13,2.95|0.19,0.18,0.41,-5.44,-2.27,4.75
0.50,0.06,0.13,-3.41,-1.95,-1.90|0.05,-0.24,0.96,-2.79,3.14,-213.00|0.19,0.16,0.42,-6.08,-2.11,4.85
0.50,0.05,0.12,-4.69,-2.95,-1.82|0.05,-0.23,0.96,-2.97,2.69,2.71|0.19,0.17,0.42,-6.93,-2.32,1.64
0.50,0.06,0.13,-5.24,-3.50,-0.75|0.05,-0.20,0.96,-4.80,-0.91,13.51|0.20,0.18,0.42,-5.22,-0.31,4.61
0.50,0.05,0.13,-4.78,-3.41,-0.73|0.05,-0.23,0.95,-2.82,-0.52,16.04|0.20,0.16,0.43,-2.75,-1.25,5.82
0.50,0.05,0.12,-4.66,-2.12,-0.69|0.04,-0.22,0.96,-2.35,-2.83,10.35|0.20,0.15,0.42,-7.15,-3.29,3.98
0.50,0.05,0.13,-4.53,-1.50,-0.96|0.04,-0.25,0.94,-0.47,-2.37,7.53|0.20,0.15,0.42,-13.12,-6.51,-6.79
0.50,0.05,0.13,-3.27,-2.44,-0.70|0.04,-0.25,0.94,0.10,-0.28,3.40|0.20,0.19,0.41,-13.01,-8.63,-7.22
0.50,0.05,0.12,-1.48,-0.82,-0.26|0.03,-0.25,0.95,-1.16,-0.16,0.13|0.20,0.16,0.42,-12.00,-9.97,-7.02
0.50,0.05,0.13,-2.88,-2.98,0.73|0.04,-0.24,0.95,-4.73,0.44,3.21|0.20,0.16,0.42,-12.43,-18.47,-24.96
0.50,0.05,0.13,-2.21,-2.06,0.36|0.04,-0.23,0.95,-5.40,1.40,3.33|0.20,0.18,0.41,-14.34,-17.27,-25.31
0.50,0.05,0.13,-2.94,-1.37,1.16|0.05,-0.23,0.96,-2.57,0.06,0.97|0.21,0.14,0.42,-18.29,-29.15,-34.21
0.49,0.05,0.13,-1.24,-0.66,2.25|0.05,-0.21,0.96,-2.84,-0.44,4.34|0.20,0.19,0.40,-18.79,-23.44,-42.02
0.49,0.05,0.13,-2.40,-1.94,2.35|0.05,-0.22,0.98,-0.92,-2.70,8.26|0.22,0.17,0.42,-14.75,-24.66,-26.54
0.50,0.05,0.13,-0.82,-0.72,2.82|0.05,-0.21,0.96,-0.97,-5.82,10.82|0.22,0.16,0.39,-18.73,-25.00,-40.24
0.49,0.05,0.12,-1.68,-1.27,2.80|0.07,-0.20,0.98,-2.89,-14.50,19.34|0.25,0.14,0.42,-24.87,-37.21,-33.37
0.50,0.04,0.12,-2.76,-1.71,3.07|0.07,-0.19,0.95,-1.24,-28.84,43.02|0.22,0.18,0.39,-30.82,-30.06,-49.39
0.50,0.04,0.13,-1.05,-2.19,2.61|0.08,-0.19,0.97,7.32,-48.82,72.93|0.22,0.22,0.41,-27.80,-22.91,-10.89
0.50,0.04,0.13,-0.73,-0.52,3.09|0.06,-0.26,0.97,15.41,-54.68,84.64|0.22,0.19,0.41,-24.98,-13.36,16.93
0.50,0.04,0.12,-2.73,-2.10,2.96|0.06,-0.27,0.95,8.17,-48.90,59.85|0.21,0.13,0.40,-28.00,-1.15,3.38
0.50,0.03,0.13,-2.70,-1.98,3.65|0.05,-0.26,0.93,0.72,-27.79,24.52|0.18,0.22,0.39,-11.63,16.86,22.85
0.50,0.03,0.13,-1.11,-0.95,4.02|0.04,-0.24,0.93,1.97,-7.50,4.82|0.19,0.14,0.41,0.17,20.99,59.54
0.50,0.04,0.12,-1.95,0.25,4.47|0.05,-0.25,0.93,6.12,-0.59,-21.60|0.22,0.06,0.42,-0.84,17.94,28.94
0.50,0.03,0.12,-1.16,-2.42,4.74|0.09,-0.21,0.94,15.60,-11.04,-18.21|0.22,0.13,0.43,-0.55,15.97,0.16
0.49,0.04,0.13,-5.56,-1.78,2.95|0.11,-0.18,0.95,24.47,-16.89,5.79|0.21,0.13,0.44,4.93,17.12,9.71
0.50,0.03,0.13,-5.58,-1.63,2.17|0.10,-0.20,0.95,24.41,-12.60,12.73|0.19,0.15,0.42,12.76,23.52,19.80
0.49,0.03,0.13,-4.15,1.13,0.89|0.08,-0.20,0.96,15.46,-2.68,1.60|0.20,0.13,0.43,15.99,23.35,29.67
0.50,0.02,0.13,-2.84,0.32,0.74|0.08,-0.19,0.96,5.15,7.69,-13.76|0.20,0.13,0.43,17.71,20.83,19.21
0.50,0.03,0.12,-4.84,1.37,0.18|0.09,-0.19,0.96,-1.54,13.66,-7.08|0.20,0.14,0.44,13.40,17.02,15.12
0.49,0.01,0.13,-1.66,-0.28,0.45|0.10,-0.19,0.96,-9.14,16.40,-2.20|0.20,0.14,0.43,9.75,14.82,11.32
0.49,0.01,0.13,0.08,-0.54,1.44|0.10,-0.19,0.97,-14.67,18.05,-0.32|0.19,0.14,0.43,4.77,9.81,11.91
0.50,0.01,0.12,1.85,2.87,2.78|0.11,-0.20,0.97,-20.14,20.28,-4.98|0.19,0.16,0.44,0.37,8.37,16.30
0.50,0.01,0.14,1.93,0.84,3.82|0.11,-0.19,0.97,-24.61,20.21,-6.64|0.18,0.13,0.44,-0.73,4.22,16.05
0.50,0.01,0.13,1.12,0.65,3.85|0.11,-0.19,0.97,-26.40,19.32,-8.46|0.17,0.14,0.45,-2.67,1.57,16.63
0.49,0.01,0.13,1.59,-0.02,4.13|0.11,-0.20,0.96,-24.38,16.46,-6.81|0.17,0.13,0.44,-4.00,-1.53,11.03
0.49,0.01,0.13,1.26,0.28,3.61|0.10,-0.21,0.96,-17.70,11.31,-9.05|0.16,0.13,0.44,-5.08,-4.63,4.80
0.50,0.00,0.14,-0.07,0.24,2.53|0.10,-0.20,0.95,-10.42,6.03,-7.76|0.15,0.15,0.44,-5.60,-5.13,3.95
0.49,0.00,0.13,-0.96,-0.10,1.84|0.10,0.01,-0.84,134.80,-62.48,17.20|0.16,0.14,0.44,-7.07,-4.63,2.26
0.50,0.00,0.13,-2.11,-0.59,0.75|0.10,-0.19,0.96,4.18,-3.55,-4.02|0.16,0.14,0.44,-6.34,-3.47,0.38
0.49,0.00,0.13,-2.33,-0.55,0.53|0.09,-0.20,0.96,7.07,-5.56,-0.72|0.16,0.13,0.44,-3.63,-3.58,0.73
0.49,0.01,0.13,-3.68,-1.64,0.30|0.10,-0.20,0.96,8.15,-5.81,-1.95|0.16,0.15,0.44,-3.24,-2.93,-2.03
0.49,0.01,0.14,-4.31,-1.60,0.31|0.10,-0.19,0.96,9.75,-6.26,-3.00|0.17,0.14,0.43,-2.98,-1.94,-3.89
0.50,0.01,0.13,-4.64,-2.00,-0.33|0.09,-0.20,0.96,10.15,-6.40,-0.07|0.17,0.15,0.44,-3.18,-1.05,2.40
0.50,0.01,0.13,-4.80,-2.64,0.29|0.09,-0.20,0.97,10.45,-6.19,1.01|0.17,0.13,0.43,-2.89,-0.20,0.03
0.49,0.01,0.13,-5.70,-3.20,0.61|0.09,-0.19,0.96,8.53,-4.83,1.34|0.17,0.15,0.43,-2.22,-0.37,0.15
0.50,0.01,0.14,-5.24,-1.53,0.89|0.10,-0.20,0.96,4.83,-2.45,0.51|0.18,0.14,0.43,-2.24,-0.04,0.64
0.50,0.01,0.14,-3.15,-0.04,0.25|0.09,-0.19,0.96,0.44,-1.08,-1.38|0.18,0.14,0.44,-3.16,0.18,0.08
0.49,0.01,0.13,-3.69,-1.02,0.56|0.09,-0.19,0.96,-3.18,0.75,1.49|0.18,0.14,0.43,-3.37,0.59,1.93
0.50,0.02,0.13,-2.73,-0.89,0.15|0.09,-0.20,0.96,-6.51,2.11,1.34|0.18,0.14,0.44,-3.70,0.23,2.97
0.50,0.01,0.13,-2.30,1.24,0.71|0.09,-0.19,0.96,-9.14,3.60,0.61|0.18,0.13,0.44,-3.74,-0.88,3.33
0.49,0.01,0.13,-3.32,-1.14,0.41|0.09,-0.19,0.97,-10.67,5.25,0.25|0.17,0.15,0.44,-4.39,-1.38,2.31
0.50,0.01,0.14,-3.67,-2.86,0.20|0.10,-0.18,0.96,-11.67,6.04,4.67|0.17,0.15,0.44,-4.78,-2.05,5.69
0.50,0.00,0.13,-2.37,-2.27,0.09|0.10,-0.19,0.97,-11.73,6.42,3.44|0.17,0.15,0.43,-4.53,-1.60,3.51
0.50,0.00,0.15,-1.63,-6.14,0.63|0.10,-0.19,0.97,-11.44,6.43,7.62|0.16,0.15,0.44,-4.44,-1.85,5.39
0.50,-0.00,0.13,-0.43,-2.29,1.34|0.10,-0.19,0.97,-9.26,5.24,9.50|0.16,0.14,0.44,-3.89,-1.53,6.50
0.49,-0.01,0.14,0.79,-2.51,2.04|0.11,-0.20,0.96,-7.40,4.11,9.89|0.16,0.15,0.43,-4.77,-1.74,5.04
0.49,-0.02,0.13,2.68,-3.49,2.79|0.12,-0.19,0.96,-6.37,2.85,8.53|0.15,0.15,0.43,-4.95,-2.33,7.66
0.49,-0.01,0.13,3.11,-2.79,3.24|0.12,-0.19,0.96,-4.95,1.92,6.20|0.15,0.16,0.43,-5.58,-1.79,8.46
0.50,-0.01,0.14,2.50,-3.73,2.23|0.12,-0.19,0.96,-2.76,-0.34,9.71|0.15,0.15,0.45,-6.98,-1.87,9.13
0.50,0.01,0.14,2.30,-0.31,0.57|0.11,-0.21,0.96,0.50,-2.60,6.63|0.15,0.14,0.45,-5.50,-1.02,7.02
0.49,-0.01,0.15,-1.81,-1.15,0.16|0.10,-0.21,0.95,5.18,-3.12,6.16|0.16,0.13,0.44,-1.28,-0.08,-0.06
0.50,-0.00,0.13,-4.95,-0.43,-0.76|0.10,-0.22,0.95,10.28,-4.06,0.46|0.16,0.15,0.44,1.25,-0.92,0.92
0.49,-0.01,0.14,-7.92,-3.11,-1.34|0.10,-0.21,0.95,11.93,-3.53,0.02|0.16,0.14,0.44,0.98,-0.56,2.56
0.49,-0.01,0.13,-6.51,-1.14,-1.39|0.10,-0.19,0.96,9.71,-3.16,-2.40|0.16,0.16,0.44,-1.34,-0.27,0.84
0.50,-0.01,0.14,-3.59,-2.62,-0.79|0.11,-0.19,0.97,4.67,-2.13,2.27|0.16,0.14,0.44,-3.66,-1.64,5.38
0.49,-0.02,0.13,-1.06,-4.95,-0.39|0.10,-0.19,0.96,-1.32,-0.02,4.18|0.16,0.15,0.43,-6.12,-1.05,1.46
0.50,-0.01,0.13,0.43,-4.43,-0.47|0.10,-0.19,0.96,-5.38,2.31,4.58|0.16,0.16,0.45,-7.92,-0.44,7.90
0.50,-0.01,0.14,2.08,-4.42,-1.19|0.10,-0.18,0.96,-8.31,3.45,6.51|0.16,0.14,0.44,-7.74,-0.69,10.08
0.50,-0.01,0.13,4.27,-4.09,-3.11|0.10,-0.19,0.95,-8.11,4.03,10.24|0.17,0.16,0.45,-7.97,-1.18,11.66
0.50,0.00,0.13,3.31,-4.10,-2.52|0.10,-0.21,0.96,-5.38,6.78,7.84|0.16,0.13,0.43,-5.11,-2.66,11.02
0.50,0.00,0.14,0.14,-3.54,-0.50|0.10,-0.20,0.97,-3.73,8.55,0.40|0.16,0.13,0.43,-1.18,-4.27,5.66
0.50,-0.00,0.13,-3.22,-4.15,0.27|0.10,-0.20,0.97,-2.10,9.41,-4.91|0.16,0.14,0.44,0.14,-4.66,1.02
0.51,-0.00,0.13,-1.42,-2.70,-1.19|0.11,-0.19,0.96,-1.86,6.95,-6.65|0.16,0.14,0.45,0.82,-3.39,1.15
0.50,-0.00,0.13,2.08,-0.66,-2.84|0.11,-0.18,0.97,-2.11,4.11,-0.82|0.16,0.14,0.44,0.52,-1.89,3.77
0.49,-0.01,0.12,-0.19,-1.68,-2.51|0.11,-0.19,0.96,-3.35,2.91,2.24|0.16,0.14,0.44,0.09,0.35,6.78
0.50,0.00,0.14,-0.37,-2.73,-0.78|0.10,-0.20,0.96,-2.43,2.51,-3.51|0.16,0.13,0.44,-1.58,0.17,6.89
0.50,-0.00,0.13,0.29,-1.67,-1.21|0.10,-0.19,0.97,-1.98,1.21,0.30|0.16,0.14,0.44,-3.39,-1.11,2.73
0.50,-0.00,0.13,-2.25,-1.85,-0.37|0.10,-0.21,0.96,-1.95,0.50,-0.43|0.16,0.14,0.45,-4.50,-2.66,0.36
0.50,-0.00,0.14,-4.10,-1.26,-0.55|0.10,-0.19,0.96,-2.43,0.16,-1.98|0.17,0.14,0.44,-4.76,-3.68,-0.73
0.49,-0.00,0.13,-4.35,0.42,-1.16|0.10,-0.20,0.95,-4.02,1.04,-0.11|0.17,0.14,0.44,-4.04,-5.54,0.54
0.49,-0.00,0.13,-5.75,0.88,-3.16|0.10,-0.20,0.96,-7.16,1.31,-3.82|0.17,0.15,0.44,-5.06,-6.42,-0.60
0.50,-0.00,0.13,-5.76,0.52,-3.09|0.10,-0.19,0.96,-9.17,1.85,-0.02|0.17,0.15,0.44,-4.48,-7.30,0.60
0.49,0.00,0.13,-7.70,0.92,-4.02|0.10,-0.19,0.95,-11.08,2.82,0.68|0.16,0.15,0.43,-3.82,-7.32,-0.06
0.49,0.00,0.15,-7.96,0.93,-4.44|0.09,-0.19,0.95,-12.08,3.47,-0.26|0.16,0.13,0.43,-1.70,-8.20,-1.38
0.49,0.01,0.14,-5.62,3.26,-5.60|0.09,-0.19,0.95,-11.11,4.60,2.07|0.17,0.15,0.43,-0.95,-6.85,-2.60
0.50,0.01,0.13,-5.98,3.31,-6.12|0.09,-0.20,0.97,-8.91,5.10,2.95|0.17,0.14,0.44,-1.51,-5.42,-0.89
0.50,0.01,0.14,-7.14,0.50,-5.81|0.09,-0.20,0.97,-7.16,5.66,-0.34|0.18,0.15,0.44,-2.60,-3.55,0.79
0.49,0.02,0.14,-6.37,0.52,-5.63|0.10,-0.20,0.96,-5.31,6.44,1.40|0.17,0.14,0.42,-2.04,-2.61,0.62
0.49,0.02,0.14,-7.21,-0.01,-4.66|0.09,-0.21,0.96,-3.49,6.05,-1.50|0.18,0.14,0.43,-1.39,-4.08,3.19
0.49,0.03,0.14,-8.99,0.96,-3.98|0.09,-0.21,0.96,-0.95,5.08,-2.92|0.18,0.13,0.43,-2.21,-5.82,-3.63
0.49,0.03,0.14,-10.82,0.27,-5.08|0.09,-0.21,0.96,1.47,4.69,-4.71|0.18,0.15,0.44,-3.51,-6.24,-4.72
0.50,0.03,0.14,-10.60,-2.43,-4.37|0.09,-0.22,0.96,2.40,3.75,-8.73|0.19,0.13,0.43,-3.65,-4.44,-4.29
0.50,0.04,0.15,-8.93,-2.59,-4.11|0.08,-0.20,0.97,2.69,1.28,-11.83|0.19,0.14,0.43,-3.79,-2.34,-2.69
0.49,0.05,0.14,-10.18,-0.85,-5.08|0.08,-0.20,0.96,2.37,-1.95,-3.71|0.19,0.14,0.43,-4.68,-0.96,0.69
0.49,0.05,0.14,-13.06,-1.96,-5.63|0.08,-0.21,0.96,1.44,-2.50,-3.86|0.19,0.14,0.43,-4.82,-1.11,-0.67
0.49,0.05,0.14,-10.50,2.11,-7.21|0.07,-0.21,0.95,1.60,-1.14,-6.21|0.20,0.13,0.44,-4.36,-2.44,-1.11
0.49,0.04,0.14,-11.79,-1.23,-6.49|0.07,-0.21,0.96,1.89,0.34,-8.77|0.20,0.13,0.42,-3.92,-3.13,-5.91
0.49,0.04,0.14,-13.73,-3.85,-6.82|0.07,-0.20,0.96,0.02,1.20,-8.38|0.20,0.15,0.43,-4.65,-4.43,-2.77
0.49,0.04,0.15,-11.98,-2.36,-6.11|0.08,-0.18,0.97,-2.63,2.62,-1.56|0.20,0.14,0.42,-6.99,-4.48,0.98
0.48,0.04,0.13,-16.69,-9.72,-3.87|0.08,-0.19,0.96,-6.32,7.01,3.07|0.19,0.14,0.42,-11.08,-5.08,-2.10
0.48,0.05,0.14,-15.33,-26.39,-1.87|0.08,-0.20,0.96,-8.49,11.65,1.36|0.19,0.15,0.42,-13.97,-5.82,-4.31
0.51,0.06,0.13,-11.11,-12.11,-2.31|0.07,-0.23,0.97,-4.98,14.98,-4.21|0.20,0.16,0.43,-17.56,-4.31,-3.21
0.50,0.04,0.12,-12.06,-6.16,-1.55|0.08,-0.21,0.96,-4.52,14.63,-9.85|0.19,0.15,0.42,-13.78,-2.65,-3.65
0.50,0.04,0.12,-9.46,-0.95,-1.07|0.09,-0.19,0.97,-7.98,12.36,-12.76|0.19,0.14,0.43,-5.50,-4.19,5.38
0.50,0.04,0.11,-8.47,-0.91,-1.07|0.09,-0.17,0.98,-12.31,8.81,-0.70|0.19,0.13,0.43,-1.44,-5.44,-3.63
0.50,0.04,0.12,-8.91,-0.80,-1.11|0.09,-0.21,0.97,-14.85,7.60,3.40|0.19,0.15,0.43,1.47,-5.00,-5.94
0.51,0.04,0.13,-9.51,0.02,-0.46|0.09,-0.21,0.97,-14.04,7.60,-5.89|0.18,0.15,0.42,3.01,-3.44,-0.61
0.49,0.03,0.13,-8.28,4.24,0.03|0.09,-0.20,0.96,-10.85,6.33,-8.18|0.19,0.13,0.42,3.50,-2.63,-3.15
0.49,0.04,0.12,-10.98,1.99,0.71|0.09,-0.20,0.97,-6.47,2.60,-5.79|0.18,0.14,0.43,3.09,-3.44,-4.17
0.49,0.05,0.13,-12.57,-0.98,-0.60|0.09,-0.21,0.96,-1.94,0.50,-4.47|0.18,0.13,0.43,0.78,-2.70,-5.81
0.50,0.05,0.13,-15.11,-0.08,-0.69|0.09,-0.21,0.95,2.81,0.63,-9.63|0.19,0.13,0.43,-0.58,-1.35,-11.02
0.49,0.05,0.13,-20.48,-1.53,-1.21|0.08,-0.22,0.95,7.59,0.70,-16.03|0.18,0.13,0.43,-0.92,-1.58,-10.27
0.50,0.04,0.13,-22.43,-0.60,-0.96|0.08,-0.22,0.95,11.36,0.95,-19.38|0.18,0.12,0.43,-2.11,-3.02,-16.47
0.49,0.03,0.13,-24.40,-1.04,-1.19|0.08,-0.21,0.96,11.56,1.00,-23.86|0.18,0.13,0.43,-5.75,-4.87,-19.68
0.49,0.02,0.13,-24.67,-0.23,0.44|0.09,-0.20,0.97,7.24,1.72,-23.32|0.18,0.14,0.43,-11.67,-5.85,-20.89
0.49,0.02,0.13,-23.45,-0.18,0.63|0.10,-0.20,0.97,-0.85,3.05,-21.05|0.18,0.15,0.43,-18.05,-5.99,-19.56
0.49,0.01,0.14,-19.37,1.80,0.96|0.10,-0.19,0.97,-10.69,5.24,-15.34|0.18,0.16,0.43,-22.50,-5.89,-17.04
0.50,0.01,0.13,-15.36,1.58,1.24|0.10,-0.20,0.96,-17.96,8.50,-15.20|0.18,0.16,0.44,-25.12,-4.67,-14.08
0.50,0.02,0.14,-12.05,5.28,1.13|0.09,-0.19,0.96,-22.14,11.70,-12.56|0.17,0.16,0.43,-24.62,-3.67,-9.27
0.50,0.01,0.14,-12.15,-0.27,0.74|0.10,-0.20,0.96,-23.34,13.33,-14.37|0.17,0.16,0.44,-22.34,-3.74,-4.60
0.49,0.01,0.15,-11.33,-2.36,0.89|0.10,-0.19,0.96,-22.11,12.97,-11.46|0.17,0.15,0.44,-18.68,-5.18,-8.08
0.50,0.01,0.13,-11.00,-2.75,0.92|0.10,-0.19,0.96,-19.08,12.51,-11.92|0.17,0.16,0.44,-15.07,-5.53,-7.79
0.49,0.01,0.15,-9.79,-4.44,0.99|0.10,-0.20,0.96,-14.61,12.84,-11.92|0.17,0.15,0.44,-8.33,-4.01,-7.22
0.50,0.01,0.13,-11.66,-7.25,0.83|0.10,-0.20,0.97,-9.04,11.95,-12.89|0.17,0.16,0.44,-1.47,-2.92,-2.15
0.49,0.00,0.12,-9.56,-6.06,0.82|0.10,-0.20,0.96,-5.47,9.99,-13.83|0.18,0.15,0.44,2.75,-2.76,-1.24
0.50,0.00,0.13,-9.16,-6.57,0.18|0.10,-0.20,0.96,-1.51,6.91,-11.56|0.17,0.15,0.44,4.34,-3.19,-2.63
0.50,0.00,0.13,-6.69,-5.68,0.15|0.11,-0.20,0.96,0.92,3.57,-8.42|0.17,0.14,0.43,6.86,-3.92,-1.33
0.50,-0.00,0.12,-8.89,-6.13,0.36|0.10,-0.20,0.96,3.64,1.35,-5.50|0.17,0.15,0.44,7.55,-3.98,-2.05
0.50,-0.00,0.13,-4.95,-6.48,1.34|0.10,-0.20,0.96,4.76,-1.09,-5.02|0.17,0.14,0.43,7.86,-4.44,-1.61
0.49,-0.00,0.12,-5.78,-2.05,0.86|0.10,-0.20,0.96,4.47,-2.48,-5.28|0.17,0.15,0.43,6.37,-4.42,-0.70
0.50,-0.00,0.12,-4.63,-1.55,0.89|0.11,-0.20,0.96,3.64,-3.11,-2.09|0.17,0.14,0.43,3.82,-4.10,0.42
0.50,0.00,0.13,-5.23,-0.60,0.24|0.10,-0.20,0.96,1.83,-3.12,-2.71|0.17,0.15,0.43,0.33,-3.79,1.01
0.50,-0.00,0.13,-3.95,-0.35,0.54|0.10,-0.20,0.96,-0.10,-3.44,-0.35|0.17,0.16,0.43,-3.05,-3.40,1.20
0.49,0.00,0.12,-4.60,0.75,0.53|0.10,-0.20,0.96,-3.05,-2.50,2.32|0.18,0.15,0.43,-4.89,-4.21,2.26
0.50,0.00,0.14,-5.08,2.69,0.56|0.10,-0.20,0.95,-6.67,-0.94,1.34|0.17,0.15,0.42,-5.79,-4.89,-0.37
0.50,0.00,0.14,-2.39,4.34,1.53|0.11,-0.20,0.95,-8.67,1.14,0.15|0.17,0.15,0.43,-5.62,-5.92,1.17
0.49,-0.00,0.13,-4.66,2.37,0.54|0.11,-0.20,0.95,-10.12,2.05,1.69|0.18,0.15,0.43,-4.91,-6.74,-2.31
0.50,0.00,0.13,-6.11,6.26,-0.60|0.11,-0.21,0.95,-11.11,3.22,0.85|0.17,0.16,0.43,-4.57,-7.11,-2.41
0.49,-0.00,0.13,-5.31,2.13,-0.82|0.11,-0.20,0.95,-11.56,3.85,-0.41|0.17,0.15,0.43,-2.55,-6.47,-2.10
0.49,-0.01,0.14,-4.03,4.20,-0.89|0.11,-0.21,0.95,-10.89,4.60,-1.25|0.17,0.16,0.43,-0.76,-5.73,-1.89
0.48,-0.01,0.14,-2.22,5.50,-0.30|0.11,-0.20,0.95,-9.98,4.47,-1.37|0.18,0.16,0.42,0.35,-5.51,-0.75
0.49,-0.01,0.15,-2.84,6.74,-0.76|0.11,-0.20,0.95,-9.44,3.68,0.16|0.17,0.16,0.42,-0.95,-4.90,-0.55
0.44,-0.01,0.19,6.74,11.92,2.84|0.11,-0.17,0.90,-12.85,3.37,5.08|0.16,0.14,0.36,2.02,-4.50,-1.94
0.46,-0.03,0.10,16.02,-9.93,4.18|0.10,-0.20,0.91,-14.11,2.94,4.15|0.15,0.18,0.41,1.89,-4.91,4.22
0.52,-0.02,0.12,5.21,8.32,3.47|0.10,-0.22,1.00,-5.63,-0.41,7.06|0.18,0.16,0.46,-9.38,-3.17,-0.28
0.53,-0.03,0.16,-0.47,-2.18,3.31|0.12,-0.20,0.98,0.89,0.83,23.31|0.17,0.19,0.43,-12.44,4.34,-9.67
0.51,0.00,0.15,-2.95,-2.01,1.56|0.12,-0.23,0.98,1.92,8.34,5.88|0.16,0.20,0.44,-8.89,9.21,37.08
0.49,-0.01,0.16,3.05,-4.94,1.92|0.13,-0.19,0.96,1.48,12.41,-7.58|0.18,0.10,0.44,-7.51,9.16,19.81
0.50,-0.01,0.16,0.74,-6.11,4.21|0.11,-0.21,0.96,8.32,8.14,2.25|0.16,0.16,0.44,-8.68,7.02,-5.44
0.50,-0.01,0.16,1.76,-4.63,3.56|0.11,-0.22,0.96,15.83,0.12,4.92|0.17,0.18,0.42,-6.22,5.68,8.27
0.50,-0.01,0.16,-1.76,-3.96,3.79|0.12,-0.21,0.96,20.40,-4.53,9.61|0.17,0.15,0.44,-5.60,6.37,8.66
0.50,-0.01,0.15,-2.40,-4.20,3.59|0.12,-0.21,0.96,17.25,-6.40,11.83|0.17,0.16,0.44,-6.34,3.98,4.01
0.50,-0.02,0.15,-1.40,-4.98,2.76|0.12,-0.23,0.96,8.51,-5.16,11.37|0.17,0.15,0.44,-4.92,1.63,3.40
0.50,-0.01,0.15,-0.38,-3.53,3.22|0.11,-0.22,0.96,0.77,-3.85,3.71|0.17,0.16,0.43,-2.85,2.24,4.37
0.49,-0.01,0.14,0.73,-3.34,3.08|0.10,-0.21,0.96,-3.47,-4.44,5.79|0.16,0.15,0.44,-1.37,2.63,7.89
0.50,-0.01,0.15,0.50,-3.14,2.05|0.10,-0.20,0.95,-6.05,-4.66,6.07|0.16,0.16,0.44,-2.12,2.53,9.58
0.49,-0.01,0.14,2.70,-2.60,1.37|0.10,-0.19,0.95,-6.89,-4.95,6.76|0.16,0.14,0.43,-1.86,2.66,10.00
0.50,-0.01,0.14,1.21,-3.45,1.40|0.10,-0.19,0.95,-7.19,-3.68,9.49|0.16,0.15,0.44,-2.06,1.90,10.50
0.50,-0.01,0.15,1.95,-1.65,1.70|0.10,-0.19,0.96,-6.89,-1.47,9.89|0.16,0.14,0.44,-0.82,1.20,8.76
0.50,-0.01,0.15,1.67,-2.78,0.82|0.11,-0.20,0.95,-6.50,1.50,6.40|0.16,0.15,0.44,-0.26,0.21,6.93
0.50,-0.01,0.14,1.72,-0.96,-0.01|0.10,-0.19,0.95,-3.71,3.64,6.51|0.16,0.15,0.44,-1.43,-0.61,7.26
0.49,-0.01,0.14,2.24,-3.66,-1.08|0.10,-0.19,0.95,-1.15,3.78,7.69|0.16,0.15,0.44,-2.50,0.02,5.15
0.49,-0.01,0.14,3.98,-2.50,-2.13|0.11,-0.19,0.95,1.34,2.63,9.47|0.16,0.15,0.44,-2.95,-0.24,10.56
0.50,-0.01,0.14,3.35,-3.50,-2.19|0.11,-0.20,0.96,1.59,2.07,12.64|0.17,0.15,0.44,-3.98,0.22,10.05
0.49,-0.01,0.13,3.72,-3.89,-2.76|0.11,-0.21,0.97,1.17,1.04,10.39|0.16,0.15,0.44,-5.18,-1.67,11.18
0.49,-0.00,0.14,3.63,-4.23,-3.40|0.11,-0.21,0.96,-0.63,0.50,11.55|0.17,0.15,0.43,-4.79,-2.83,10.39
0.49,-0.01,0.14,3.04,-2.18,-2.21|0.11,-0.21,0.95,-2.38,0.93,8.89|0.16,0.14,0.43,-3.45,-3.43,11.48
0.49,-0.00,0.14,2.28,-4.92,-2.23|0.11,-0.21,0.95,-3.82,0.75,8.12|0.16,0.14,0.44,-3.47,-4.24,8.37
0.50,-0.00,0.14,0.34,-1.65,-1.67|0.10,-0.21,0.96,-2.60,0.60,7.02|0.16,0.14,0.45,-3.34,-5.11,7.27
0.50,-0.00,0.14,-1.89,-3.18,-2.21|0.11,-0.21,0.96,-2.07,1.68,6.40|0.16,0.14,0.44,-2.77,-4.34,1.69
0.50,0.00,0.14,-2.85,-4.69,-1.84|0.11,-0.21,0.96,-3.02,3.27,4.65|0.16,0.14,0.44,-0.28,-3.19,2.66
0.49,-0.01,0.13,-3.62,-4.58,-2.20|0.11,-0.21,0.96,-2.80,4.56,2.06|0.16,0.14,0.43,-0.06,-1.61,3.94
0.50,-0.00,0.15,-5.20,-3.98,-1.92|0.11,-0.20,0.96,-1.60,4.09,1.22|0.16,0.14,0.44,-1.96,-1.27,2.97
0.50,-0.01,0.14,-5.84,-4.06,-1.15|0.11,-0.21,0.97,0.76,1.90,0.37|0.16,0.14,0.44,-4.03,-1.18,1.44
0.50,-0.00,0.14,-5.36,-4.00,-0.89|0.11,-0.20,0.97,0.93,0.86,0.93|0.16,0.14,0.44,-6.40,-0.16,0.23
0.50,-0.01,0.13,-5.82,-4.39,-0.31|0.10,-0.20,0.97,0.58,0.33,-2.69|0.16,0.15,0.44,-8.47,0.46,0.84
0.49,-0.00,0.13,-4.84,-4.99,-0.24|0.10,-0.20,0.96,-0.59,1.16,1.59|0.17,0.15,0.43,-9.53,0.37,4.85
0.49,-0.00,0.13,-3.81,-3.99,-0.37|0.10,-0.19,0.95,-1.55,1.36,-0.46|0.17,0.14,0.43,-9.79,-0.27,2.95
0.49,-0.00,0.13,-4.95,-4.86,-1.00|0.09,-0.19,0.95,-1.89,2.95,-0.27|0.16,0.14,0.43,-8.69,-2.03,2.16
0.50,0.00,0.13,-3.14,-3.97,-1.56|0.10,-0.19,0.96,-1.53,4.37,-4.39|0.17,0.14,0.45,-7.03,-2.25,2.65
0.50,-0.00,0.12,-3.05,-3.31,-1.82|0.10,-0.18,0.97,-2.34,5.40,-0.96|0.17,0.14,0.44,-4.73,-2.10,1.62
0.50,-0.00,0.13,-3.37,-3.84,-2.69|0.10,-0.20,0.96,-2.38,4.43,4.04|0.16,0.15,0.44,-3.66,-2.78,4.00
0.50,0.01,0.13,-3.76,-2.18,-2.44|0.10,-0.19,0.97,-2.52,2.77,2.82|0.17,0.13,0.44,-3.50,-3.23,0.82
0.50,0.00,0.12,-2.93,-1.97,-2.77|0.10,-0.20,0.97,-3.16,3.15,4.37|0.17,0.15,0.43,-2.39,-2.68,1.40
0.50,0.00,0.13,-2.47,-2.77,-2.37|0.10,-0.20,0.96,-3.44,2.60,2.23|0.17,0.13,0.44,-0.88,-2.34,4.55
0.50,0.01,0.12,-1.95,-1.98,-2.39|0.10,-0.20,0.97,-3.05,2.05,1.80|0.17,0.14,0.44,-0.97,-2.50,5.05
0.50,0.00,0.12,-1.53,-2.39,-1.86|0.09,-0.19,0.96,-3.08,0.96,4.44|0.17,0.14,0.44,-1.63,-2.55,4.13
0.50,0.00,0.12,-1.36,-0.82,-0.92|0.09,-0.20,0.97,-2.17,0.55,3.71|0.17,0.14,0.44,-2.51,-2.21,5.52
0.50,0.00,0.12,-0.03,0.65,-0.48|0.09,-0.19,0.97,-2.56,0.41,5.19|0.16,0.14,0.44,-3.50,-2.61,3.94
0.50,0.00,0.12,0.05,0.01,-0.84|0.10,-0.19,0.97,-2.83,0.79,4.06|0.17,0.14,0.44,-3.73,-2.00,3.85
0.49,0.00,0.12,1.56,1.11,-1.17|0.09,-0.19,0.96,-3.87,0.11,3.75|0.17,0.14,0.44,-1.71,-2.30,6.63
0.49,0.00,0.12,2.52,1.65,-1.37|0.09,-0.19,0.96,-3.82,-0.60,6.96|0.17,0.13,0.43,0.01,-1.59,7.50
0.49,0.01,0.13,0.35,-1.01,-1.26|0.09,-0.19,0.96,-2.98,-0.76,8.11|0.16,0.14,0.44,0.57,-2.74,7.07
0.50,0.01,0.13,-0.88,4.25,-1.59|0.09,-0.21,0.96,0.18,0.83,7.44|0.17,0.13,0.43,-1.69,-3.51,3.85
0.49,0.00,0.14,-1.91,-0.06,-1.54|0.09,-0.19,0.95,0.50,2.35,4.11|0.17,0.14,0.44,-1.95,-2.65,0.98
0.49,0.01,0.12,-1.59,-0.59,-2.24|0.10,-0.20,0.95,-0.44,2.50,3.96|0.17,0.13,0.44,-1.54,-2.85,4.21
0.50,0.00,0.13,-0.94,-1.62,-2.79|0.09,-0.20,0.96,-2.21,1.73,5.84|0.17,0.14,0.44,-3.03,-2.03,5.94
0.49,0.01,0.13,-0.19,-1.89,-3.48|0.09,-0.19,0.96,-3.65,1.00,5.91|0.17,0.14,0.44,-3.88,-2.32,6.31
0.50,0.01,0.12,-1.37,-1.98,-4.38|0.09,-0.20,0.96,-4.15,1.44,7.22|0.17,0.14,0.44,-4.45,-3.69,7.79
0.49,0.01,0.13,-0.53,-1.98,-4.39|0.09,-0.19,0.96,-5.54,2.98,6.05|0.17,0.13,0.44,-4.22,-4.79,4.76
0.49,0.01,0.13,-0.79,-2.85,-4.93|0.09,-0.20,0.96,-5.48,4.60,4.21|0.17,0.14,0.44,-4.38,-5.69,5.13
0.50,0.01,0.13,-1.82,-2.40,-4.10|0.09,-0.19,0.96,-4.41,4.95,4.22|0.17,0.13,0.43,-4.82,-5.24,5.69
0.50,0.02,0.13,-1.37,-2.13,-4.26|0.09,-0.20,0.97,-2.72,4.51,3.47|0.17,0.13,0.44,-6.32,-5.30,5.08
0.49,0.02,0.13,-2.24,-3.52,-3.21|0.09,-0.20,0.97,-2.08,4.55,3.92|0.17,0.13,0.43,-5.53,-3.60,1.43
0.50,0.02,0.13,-2.61,-3.07,-2.84|0.09,-0.20,0.97,-1.92,4.30,1.21|0.17,0.13,0.43,-4.50,-2.49,4.86
0.50,0.02,0.12,-4.24,-3.27,-2.39|0.09,-0.20,0.97,-0.84,2.81,1.15|0.17,0.12,0.43,-4.05,-2.17,2.35
0.49,0.02,0.12,-5.73,-2.78,-2.08|0.09,-0.20,0.96,-0.77,2.03,1.93|0.17,0.13,0.43,-3.44,-2.12,-0.22
0.50,0.02,0.12,-4.89,0.34,-1.51|0.09,-0.21,0.96,-1.02,1.75,-1.71|0.18,0.13,0.43,-3.08,-1.59,0.24
0.50,0.03,0.13,-6.37,-2.86,-1.32|0.09,-0.20,0.97,-1.20,1.64,-2.21|0.18,0.13,0.44,-2.70,-1.14,-0.05
0.49,0.03,0.12,-6.78,-1.90,-2.05|0.08,-0.20,0.96,-1.76,1.59,-2.56|0.18,0.13,0.43,-2.90,-0.95,-1.73
0.50,0.03,0.12,-8.27,-2.37,-1.64|0.08,-0.20,0.96,-2.51,1.27,-2.92|0.18,0.13,0.44,-3.94,-1.56,-0.63
0.50,0.03,0.13,-7.81,-2.05,-1.99|0.08,-0.19,0.96,-2.82,1.69,-2.38|0.18,0.13,0.43,-4.56,-1.74,-2.65
0.50,0.03,0.12,-8.93,-1.57,-2.27|0.08,-0.20,0.96,-3.16,2.39,-3.36|0.18,0.13,0.43,-4.36,-1.99,-1.78
0.50,0.03,0.12,-8.42,-1.07,-2.35|0.08,-0.20,0.96,-3.34,2.64,-3.57|0.18,0.13,0.44,-4.08,-2.86,-2.53
0.50,0.03,0.12,-8.24,-2.35,-2.60|0.08,-0.19,0.96,-3.93,3.41,-2.29|0.18,0.14,0.43,-4.92,-3.39,-2.37
0.50,0.02,0.12,-9.14,-1.41,-1.80|0.08,-0.20,0.96,-4.05,4.25,-2.88|0.18,0.13,0.43,-5.92,-4.52,-2.36
0.50,0.02,0.12,-8.78,-1.73,-1.90|0.08,-0.20,0.96,-4.56,5.03,-3.34|0.18,0.13,0.43,-6.96,-4.98,-2.70
0.49,0.02,0.12,-7.76,-2.67,-1.75|0.08,-0.19,0.96,-5.44,5.88,-3.58|0.18,0.13,0.43,-6.79,-4.79,-3.32
0.50,0.03,0.12,-8.05,-2.93,-1.37|0.08,-0.20,0.98,-5.09,5.51,-3.68|0.17,0.13,0.43,-6.59,-4.12,-2.00
0.50,0.03,0.12,-7.91,-1.54,-1.00|0.09,-0.19,0.96,-5.18,3.92,-1.76|0.17,0.13,0.43,-6.17,-3.56,-2.58
0.50,0.03,0.13,-8.18,-1.62,-0.27|0.09,-0.20,0.96,-5.42,2.99,-2.39|0.17,0.13,0.43,-5.22,-2.45,-3.59
0.50,0.03,0.12,-9.35,-1.97,-0.74|0.09,-0.19,0.96,-4.06,2.39,-3.41|0.18,0.14,0.44,-4.90,-2.05,-2.99
0.49,0.03,0.12,-8.82,-2.05,-1.18|0.08,-0.20,0.96,-1.37,1.88,-3.20|0.18,0.13,0.44,-4.76,-0.64,-2.82
0.50,0.03,0.13,-8.55,-0.98,-0.83|0.08,-0.20,0.97,0.19,0.29,-5.37|0.18,0.13,0.44,-4.20,-0.32,-2.42
0.50,0.02,0.13,-8.43,-1.67,-1.44|0.09,-0.19,0.97,0.45,-0.24,-4.14|0.18,0.14,0.43,-4.27,-1.21,-3.53
0.50,0.03,0.13,-8.64,-0.50,-0.46|0.08,-0.20,0.97,-1.06,0.02,-1.28|0.19,0.14,0.44,-4.85,-2.01,-2.09
0.49,0.02,0.12,-7.77,0.02,-0.41|0.08,-0.19,0.97,-2.96,0.80,-1.82|0.18,0.14,0.43,-5.44,-2.67,-1.86
0.49,0.02,0.12,-8.53,-1.02,-0.16|0.08,-0.20,0.96,-4.47,2.63,-0.43|0.18,0.13,0.43,-4.32,-3.37,-2.22
0.49,0.03,0.12,-7.70,-0.26,0.09|0.08,-0.20,0.96,-4.32,3.21,-3.21|0.18,0.14,0.43,-3.02,-4.33,-1.50
0.50,0.02,0.12,-8.23,-1.61,-0.53|0.08,-0.19,0.96,-4.08,2.30,-1.90|0.18,0.14,0.44,-2.59,-3.60,-1.79
0.50,0.03,0.13,-9.05,-0.34,-0.18|0.08,-0.20,0.96,-4.26,2.59,-0.88|0.17,0.14,0.43,-1.65,-2.49,-1.89
0.49,0.03,0.12,-9.51,-1.45,-0.45|0.09,-0.20,0.95,-5.69,3.45,-1.90|0.18,0.13,0.43,-0.92,-2.65,-1.70
0.50,0.03,0.12,-8.85,-0.96,-0.89|0.08,-0.20,0.97,-4.53,3.98,-4.12|0.18,0.13,0.44,-2.88,-2.36,-2.90
0.50,0.02,0.13,-7.02,-0.36,-1.07|0.08,-0.20,0.96,-3.81,2.38,-2.76|0.18,0.13,0.44,-4.15,-1.44,-1.83
0.49,0.02,0.13,-8.32,-0.37,-0.51|0.09,-0.19,0.96,-4.05,1.76,-0.50|0.18,0.13,0.43,-5.65,-1.94,-1.50
0.51,0.02,0.13,-5.69,0.36,-0.21|0.09,-0.20,0.97,-4.37,2.79,0.40|0.18,0.14,0.44,-7.41,-2.66,-0.66
0.50,0.02,0.13,-6.02,-0.59,-0.02|0.09,-0.19,0.97,-4.74,3.17,-2.45|0.18,0.14,0.43,-7.13,-2.85,-1.35
0.50,0.02,0.14,-3.47,2.24,-0.24|0.09,-0.20,0.97,-3.55,3.05,1.49|0.18,0.15,0.44,-6.85,-3.18,0.10
0.50,0.02,0.11,-6.15,-2.39,-0.48|0.10,-0.20,0.97,-3.82,1.69,0.18|0.18,0.14,0.44,-5.73,-3.45,0.11
0.51,0.02,0.14,-4.43,-2.97,-0.87|0.09,-0.20,0.96,-2.92,0.07,0.92|0.18,0.15,0.43,-4.76,-2.85,1.73
0.50,0.02,0.14,-2.60,0.66,-0.56|0.09,-0.21,0.96,-2.63,-0.65,1.37|0.18,0.15,0.43,-2.66,-2.34,3.11
0.50,0.02,0.13,-1.27,0.74,-1.10|0.09,-0.20,0.96,-3.47,-1.05,1.36|0.18,0.14,0.44,0.43,-2.03,3.61
0.50,0.02,0.14,0.18,0.37,-0.38|0.09,-0.20,0.96,-3.73,-1.01,1.14|0.18,0.14,0.44,2.44,-2.53,2.95
0.49,0.02,0.13,1.09,1.00,-0.86|0.09,-0.20,0.96,-4.02,0.02,1.45|0.18,0.14,0.44,2.89,-2.44,4.85
0.50,0.02,0.15,3.05,-0.31,-0.08|0.09,-0.20,0.96,-4.09,1.15,4.05|0.18,0.14,0.43,1.39,-1.66,5.18
0.50,0.02,0.14,3.08,-2.98,-0.56|0.09,-0.20,0.96,-2.95,2.50,3.58|0.18,0.15,0.43,-1.66,-1.45,6.12
0.50,0.03,0.14,0.56,-1.29,-1.49|0.09,-0.21,0.96,-1.34,3.47,4.31|0.19,0.14,0.44,-4.64,-2.28,6.57
0.51,0.04,0.14,-1.99,-2.60,-2.01|0.09,-0.21,0.97,-1.15,4.43,1.87|0.19,0.14,0.45,-4.22,-2.69,3.98
0.49,0.03,0.13,-5.13,-4.57,-2.27|0.09,-0.21,0.95,-2.10,4.19,1.34|0.19,0.12,0.43,0.08,-4.47,1.83
0.49,0.03,0.13,-6.10,-3.46,-2.49|0.09,-0.22,0.95,-1.46,4.53,-1.18|0.18,0.14,0.43,1.38,-5.94,2.11
0.49,0.03,0.13,-6.56,-0.15,-2.71|0.09,-0.20,0.95,-2.94,4.56,-6.55|0.18,0.12,0.43,0.98,-8.08,-3.06
0.48,0.02,0.13,-10.37,-2.51,-2.68|0.09,-0.20,0.95,-5.63,4.74,-5.85|0.18,0.13,0.43,-0.75,-8.18,-5.76
0.50,0.02,0.13,-10.73,-3.18,-3.63|0.09,-0.21,0.96,-7.58,4.81,-4.84|0.17,0.14,0.43,-4.24,-7.11,-5.14
0.49,0.02,0.13,-12.33,-2.92,-3.76|0.09,-0.20,0.95,-9.40,5.01,-5.98|0.17,0.13,0.43,-7.93,-5.17,-3.71
0.49,0.02,0.13,-10.52,-1.62,-4.48|0.09,-0.19,0.96,-9.28,4.70,-5.00|0.18,0.14,0.43,-11.85,-3.64,-2.54
0.49,0.02,0.13,-10.47,-2.23,-4.63|0.09,-0.19,0.96,-8.68,4.90,0.56|0.18,0.14,0.43,-14.16,-3.49,-1.68
0.49,0.03,0.13,-9.89,-1.47,-3.82|0.09,-0.20,0.96,-8.29,6.40,-1.84|0.18,0.14,0.42,-15.01,-3.69,-4.42
0.49,0.02,0.13,-11.08,-3.89,-3.11|0.09,-0.19,0.96,-6.91,7.64,-2.08|0.18,0.15,0.43,-13.89,-4.55,-4.18
0.50,0.02,0.13,-11.09,-3.47,-2.45|0.09,-0.20,0.96,-4.50,8.00,-1.43|0.18,0.14,0.43,-12.03,-5.05,-3.16
0.50,0.02,0.13,-10.24,-4.77,-2.02|0.09,-0.19,0.97,-2.88,6.50,0.08|0.18,0.15,0.43,-10.12,-4.60,-5.44
0.49,0.02,0.13,-8.12,-2.30,-2.40|0.09,-0.17,0.97,-0.98,-1.20,24.99|0.18,0.15,0.43,-8.06,-4.51,-2.39
0.50,0.02,0.13,-8.02,-1.17,-1.64|0.10,-0.23,0.96,-2.41,-2.99,16.79|0.18,0.15,0.42,-5.95,-3.63,-3.94
0.50,0.02,0.13,-6.55,-1.67,-1.37|0.10,-0.23,0.96,-3.03,0.25,4.16|0.18,0.15,0.43,-4.18,-2.34,-0.80
0.50,0.03,0.12,-6.39,1.33,-2.24|0.10,-0.16,0.97,-2.27,-4.56,5.43|0.18,0.15,0.43,-2.22,-1.31,0.46
0.49,0.02,0.12,-8.13,-0.96,-1.69|0.09,-0.23,0.96,1.35,-6.20,27.37|0.18,0.14,0.43,0.86,-1.35,-1.44
0.49,0.02,0.12,-5.50,-2.02,-2.18|0.13,-0.17,0.97,-21.79,-8.16,29.01|0.18,0.14,0.44,2.06,-1.77,-1.64
0.50,0.02,0.13,-5.46,-1.80,-2.44|0.09,-0.22,0.97,-30.34,-11.98,50.24|0.19,0.14,0.43,2.00,-1.86,-0.98
0.49,0.02,0.13,-4.44,0.50,-2.26|0.08,-0.28,0.93,-70.93,-4.90,68.85|0.19,0.14,0.43,-0.47,-2.85,2.73
0.50,0.02,0.13,-3.18,0.11,-2.21|0.07,-0.36,0.93,-82.28,-3.11,38.21|0.18,0.14,0.43,-3.80,-3.83,2.28
0.50,0.03,0.13,-1.05,1.56,-2.35|0.05,-0.35,0.87,-105.81,4.02,54.47|0.18,0.14,0.43,-6.90,-4.39,3.27
0.50,0.02,0.13,-1.54,-0.56,-2.89|0.04,-0.40,0.89,-107.54,6.11,21.67|0.18,0.15,0.44,-7.40,-3.98,4.80
0.50,0.02,0.13,-2.82,-0.25,-2.22|0.04,-0.36,0.81,-104.18,10.42,21.76|0.18,0.14,0.43,-6.01,-4.76,5.37
0.50,0.03,0.13,-4.78,-0.14,-1.58|0.03,-0.40,0.80,-85.53,7.30,13.76|0.18,0.14,0.43,-4.92,-5.03,2.05
0.49,0.02,0.13,-4.09,0.56,-1.04|0.03,-0.37,0.76,-61.45,6.88,0.24|0.17,0.14,0.42,-3.14,-5.03,0.32
0.49,0.02,0.13,-4.29,0.20,-0.78|0.04,-0.39,0.77,-33.67,4.80,-1.08|0.17,0.14,0.43,-2.63,-3.27,0.38
0.50,0.02,0.13,-6.31,0.24,-0.66|0.04,-0.39,0.77,-11.89,3.40,-12.99|0.17,0.14,0.43,-1.57,-2.47,-1.14
0.49,0.02,0.14,-6.05,-0.27,-0.50|0.05,-0.40,0.78,6.18,3.34,-3.66|0.18,0.14,0.43,-0.95,-1.77,-1.40
0.50,0.02,0.15,-5.85,0.04,-0.23|0.04,-0.41,0.78,13.34,1.76,-6.48|0.18,0.14,0.43,-1.06,-0.73,-2.08
0.49,0.02,0.13,-6.12,-0.41,-0.18|0.05,-0.42,0.78,14.16,-2.88,-5.31|0.18,0.14,0.43,-2.59,-0.93,-0.60
0.49,0.02,0.14,-6.14,-2.27,-1.44|0.05,-0.42,0.77,12.06,-3.51,-8.28|0.19,0.14,0.44,-4.84,-1.53,-1.23
0.50,0.02,0.14,-4.44,-0.36,-1.85|0.06,-0.41,0.79,12.84,-4.34,3.94|0.18,0.15,0.43,-5.88,-1.60,-1.11
0.50,0.02,0.14,-3.81,-0.19,-1.66|0.05,-0.42,0.77,12.32,-4.56,7.28|0.18,0.15,0.43,-6.40,-2.17,2.83
0.50,0.03,0.15,-3.34,-1.60,-1.51|0.06,-0.44,0.80,3.37,-3.34,-9.40|0.18,0.14,0.44,-6.92,-3.20,0.52
0.49,0.01,0.13,-2.66,-1.56,-1.00|0.05,-0.40,0.77,7.58,-1.97,19.45|0.18,0.15,0.43,-5.59,-3.69,0.43
0.50,0.02,0.14,-2.72,-0.33,-1.12|0.06,-0.44,0.78,-4.96,-3.02,-9.95|0.18,0.16,0.43,-4.89,-3.92,3.98
0.50,0.02,0.14,-2.53,-0.43,-0.38|0.04,-0.41,0.78,3.47,5.95,8.70|0.18,0.15,0.43,-4.27,-2.96,2.63
0.49,0.02,0.15,-1.56,-2.40,0.07|0.05,-0.41,0.79,-2.11,-0.29,-0.40|0.17,0.15,0.43,-3.12,-2.76,4.24
0.49,0.01,0.14,-0.47,-1.26,0.80|0.05,-0.41,0.79,1.36,1.18,4.66|0.18,0.15,0.43,-2.07,-2.14,2.92
0.50,0.02,0.15,-0.54,-1.35,1.11|0.07,-0.38,0.80,6.59,-0.99,3.35|0.17,0.15,0.43,-2.19,-0.69,4.64
0.50,0.02,0.14,-1.68,-2.21,2.22|0.04,-0.42,0.79,13.92,7.23,-0.73|0.18,0.14,0.43,-1.54,0.41,4.81
0.49,0.02,0.15,-0.60,-2.69,2.35|0.05,-0.38,0.81,17.74,8.87,-8.78|0.17,0.15,0.43,-0.67,0.38,4.55
0.49,0.01,0.13,-1.68,-3.62,2.76|0.05,-0.39,0.80,25.98,3.78,-5.40|0.17,0.14,0.43,-0.82,0.12,3.39
0.49,0.02,0.13,-3.18,-3.22,2.16|0.06,-0.35,0.83,34.74,1.16,-6.01|0.18,0.15,0.44,-1.63,0.29,2.54
0.49,0.02,0.16,-4.22,-7.23,1.29|0.05,-0.36,0.85,42.46,-2.81,3.15|0.18,0.15,0.43,-1.56,-0.04,1.15
0.50,0.01,0.13,-4.01,-2.14,0.36|0.06,-0.37,0.87,42.90,0.44,-7.73|0.18,0.15,0.43,-1.85,-1.28,2.99
0.50,0.02,0.13,-4.27,-5.17,0.26|0.07,-0.34,0.86,44.45,2.33,-9.85|0.18,0.15,0.42,-2.73,-1.03,3.91
0.50,0.02,0.12,-3.85,-2.28,-0.50|0.06,-0.34,0.88,46.37,3.75,-16.27|0.18,0.14,0.43,-3.53,-1.30,3.27
0.49,0.02,0.13,-3.82,-4.61,-1.40|0.06,-0.30,0.89,45.25,-3.13,-3.45|0.18,0.14,0.43,-2.76,-1.69,4.46
0.50,0.02,0.13,-3.31,-4.05,-0.92|0.07,-0.33,0.91,45.79,-2.41,-9.91|0.18,0.14,0.43,-3.09,0.16,5.19
0.49,0.02,0.13,-2.15,-4.15,-0.85|0.08,-0.28,0.93,42.60,-3.13,-13.87|0.18,0.14,0.43,-4.43,0.70,5.89
0.50,0.02,0.13,-1.11,-3.80,-1.21|0.08,-0.27,0.93,40.18,-0.21,-12.78|0.19,0.14,0.43,-5.60,0.47,6.67
0.50,0.02,0.13,-1.13,-2.60,-1.34|0.08,-0.24,0.95,38.06,-0.56,-18.52|0.18,0.14,0.43,-6.00,0.56,4.49
0.50,0.02,0.12,-2.51,-3.21,-0.75|0.08,-0.23,0.95,34.33,-1.13,-11.17|0.18,0.14,0.43,-5.34,-0.73,6.28
0.50,0.02,0.13,-3.67,-4.54,-1.10|0.10,-0.23,0.95,28.96,1.93,-14.45|0.18,0.14,0.43,-4.89,-1.93,3.21
0.50,0.02,0.13,-3.42,-0.91,-1.66|0.10,-0.22,0.95,20.97,6.14,-23.86|0.18,0.14,0.43,-3.66,-3.18,1.15
0.50,0.03,0.11,-4.07,-0.82,-1.31|0.10,-0.20,0.96,11.51,9.32,-26.11|0.18,0.14,0.43,-1.43,-3.37,1.79
0.50,0.02,0.13,-4.18,-1.37,-2.05|0.09,-0.20,0.96,3.20,10.37,-23.05|0.18,0.14,0.44,-1.56,-3.17,0.81
0.50,0.02,0.13,-4.44,-0.50,-1.56|0.09,-0.20,0.97,-2.40,8.56,-17.80|0.18,0.14,0.43,-2.61,-2.31,1.09
0.50,0.02,0.12,-3.73,-0.47,-0.76|0.09,-0.19,0.97,-6.60,5.82,-7.88|0.18,0.14,0.43,-3.66,-1.63,2.44
0.50,0.02,0.13,-2.98,-0.01,0.13|0.10,-0.20,0.97,-11.07,3.14,1.27|0.18,0.14,0.43,-4.02,-0.87,1.56
0.49,0.02,0.13,-3.24,-0.10,0.13|0.09,-0.20,0.97,-15.38,3.47,2.30|0.18,0.14,0.43,-2.79,-1.02,2.03
0.50,0.02,0.13,-4.84,0.22,0.57|0.10,-0.20,0.96,-18.66,5.66,-0.31|0.18,0.14,0.43,-2.76,-1.58,0.77
0.50,0.03,0.13,-5.95,0.08,0.26|0.10,-0.21,0.96,-19.08,8.00,-4.40|0.17,0.14,0.44,-2.06,-1.55,-0.07
0.50,0.03,0.13,-6.95,-1.05,0.26|0.09,-0.21,0.96,-17.33,8.78,-8.76|0.18,0.14,0.43,-1.40,-1.28,-1.68
0.50,0.03,0.13,-8.54,0.50,-0.11|0.09,-0.20,0.96,-13.56,7.73,-10.79|0.18,0.14,0.43,-1.64,-1.35,-3.64
0.50,0.02,0.13,-10.04,-0.68,-0.18|0.09,-0.20,0.96,-8.48,5.82,-10.85|0.18,0.14,0.43,-3.05,-1.91,-3.90
0.50,0.03,0.14,-10.26,0.07,-0.81|0.09,-0.20,0.96,-3.97,3.49,-9.98|0.18,0.13,0.44,-4.30,-2.33,-6.09
0.49,0.02,0.13,-10.24,0.72,-0.73|0.09,-0.20,0.96,-0.85,2.15,-9.15|0.18,0.14,0.44,-4.98,-3.23,-5.67
0.50,0.02,0.14,-10.38,-1.41,-0.66|0.10,-0.20,0.96,0.66,1.90,-8.93|0.18,0.14,0.43,-6.53,-4.12,-5.50
0.50,0.02,0.14,-10.24,-2.60,-1.18|0.09,-0.20,0.96,1.58,2.08,-7.61|0.18,0.15,0.43,-9.22,-4.47,-5.99
0.50,0.02,0.13,-10.55,-1.06,-0.56|0.09,-0.21,0.96,1.50,2.07,-7.17|0.18,0.14,0.43,-9.68,-5.00,-5.50
0.49,0.02,0.13,-9.89,-1.32,-1.05|0.09,-0.20,0.95,1.38,2.82,-7.59|0.18,0.15,0.43,-8.45,-4.55,-5.39
0.50,0.02,0.13,-11.40,-3.00,-1.04|0.09,-0.21,0.96,1.16,3.15,-7.01|0.18,0.14,0.43,-6.76,-4.73,-5.43
0.50,0.02,0.13,-12.05,-2.49,-1.09|0.09,-0.21,0.95,-0.15,3.82,-7.02|0.18,0.15,0.43,-5.11,-4.73,-6.59
0.49,0.02,0.13,-13.10,-4.47,-2.62|0.09,-0.20,0.94,-1.76,5.42,-5.63|0.19,0.13,0.44,-4.66,-6.77,-7.53
0.49,0.02,0.14,-17.85,-6.62,-3.40|0.09,-0.21,0.95,-2.81,7.30,-7.12|0.20,0.12,0.44,-3.94,-13.08,-22.70
0.50,0.02,0.14,-16.28,-4.30,-3.80|0.09,-0.21,0.96,-2.46,10.79,-7.21|0.24,0.09,0.45,-2.20,-25.87,-31.53
0.50,0.03,0.12,-21.36,-1.78,-3.52|0.09,-0.22,0.96,-2.80,13.65,-16.21|0.24,0.14,0.42,-1.56,-34.05,-46.27
0.50,0.03,0.13,-28.53,-5.39,-4.11|0.10,-0.21,0.96,-3.55,14.76,-19.16|0.23,0.19,0.41,-5.02,-38.83,-32.23
0.50,0.03,0.13,-27.44,-4.10,-4.33|0.09,-0.21,0.96,-6.12,12.77,-24.50|0.22,0.15,0.41,-10.95,-42.71,-23.24
0.49,0.02,0.12,-22.52,-1.08,-5.29|0.09,-0.19,0.97,-8.08,7.45,-18.26|0.21,0.17,0.40,-20.08,-39.29,-29.11
0.50,0.02,0.14,-19.12,-2.82,-5.21|0.09,-0.19,0.96,-10.80,2.74,-10.28|0.21,0.17,0.39,-22.25,-32.55,-19.63
0.50,0.02,0.13,-16.15,-0.88,-6.54|0.08,-0.18,0.97,-12.45,-0.66,-0.32|0.19,0.20,0.40,-19.58,-23.61,-7.27
0.49,0.02,0.12,-10.74,-1.55,-5.27|0.08,-0.20,0.97,-13.74,-0.95,2.27|0.19,0.18,0.38,-14.34,-10.96,5.73
0.50,0.03,0.12,-8.89,-1.82,-4.21|0.08,-0.19,0.97,-12.11,-0.41,4.64|0.19,0.16,0.38,-9.85,0.35,6.10
0.50,0.02,0.13,-6.63,-3.52,-2.72|0.08,-0.19,0.97,-10.26,-0.05,5.75|0.20,0.17,0.39,-4.98,8.93,5.21
0.49,0.02,0.12,-1.21,-2.89,-1.63|0.08,-0.19,0.97,-6.87,0.05,6.60|0.22,0.17,0.39,-2.73,16.19,12.63
0.50,0.02,0.13,2.82,-4.90,-1.05|0.08,-0.18,0.97,-2.80,-0.32,11.38|0.22,0.16,0.40,-2.73,21.45,16.82
0.50,0.03,0.14,5.61,-5.23,0.57|0.08,-0.19,0.96,1.34,-0.38,16.08|0.22,0.17,0.41,-3.17,23.70,16.62
0.50,0.03,0.13,8.75,-5.11,1.43|0.08,-0.21,0.97,6.85,0.32,14.27|0.23,0.15,0.42,-3.60,24.71,19.40
0.50,0.03,0.13,9.92,-4.98,2.20|0.09,-0.19,0.96,10.00,-1.08,14.08|0.22,0.15,0.41,-2.77,25.05,18.02
0.50,0.03,0.12,10.60,-4.33,2.91|0.09,-0.20,0.96,13.11,-2.72,17.09|0.22,0.15,0.42,-1.20,23.71,24.27
0.50,0.03,0.12,10.81,-3.34,3.41|0.09,-0.20,0.97,12.77,-4.92,18.15|0.22,0.15,0.42,2.82,22.92,31.53
0.49,0.04,0.11,9.29,-1.46,3.53|0.09,-0.22,0.96,12.96,-5.66,16.79|0.22,0.12,0.44,4.62,17.89,27.98
0.51,0.03,0.12,9.29,-0.46,2.82|0.09,-0.21,0.96,11.22,-6.41,12.30|0.21,0.13,0.43,3.18,12.52,19.50
0.50,0.04,0.13,8.08,-1.47,2.40|0.09,-0.21,0.96,8.92,-7.31,11.56|0.20,0.13,0.44,1.89,6.43,13.73
0.50,0.03,0.12,6.33,0.15,2.74|0.09,-0.19,0.96,5.02,-7.60,12.50|0.20,0.13,0.44,2.33,2.89,11.65
0.49,0.03,0.12,-0.01,-0.01,-0.01|0.09,-0.21,0.96,1.14,-5.98,13.02|0.19,0.13,0.44,2.86,-0.69,7.81
0.50,0.02,0.13,6.31,-1.15,1.42|0.09,-0.20,0.95,-3.57,-3.85,11.28|0.19,0.14,0.44,2.97,-1.25,9.53
0.49,0.02,0.13,6.37,-2.47,0.34|0.09,-0.18,0.96,-7.34,-2.38,15.27|0.21,0.13,0.43,5.58,-2.59,13.95
0.49,0.01,0.12,6.27,-2.11,0.49|0.09,-0.19,0.96,-9.76,-2.18,24.38|0.22,0.13,0.44,11.53,-6.26,26.72
0.50,0.03,0.13,4.76,-4.24,2.02|0.10,-0.17,0.97,-11.71,-2.15,32.23|0.21,0.13,0.45,9.26,-12.87,31.59
0.50,0.03,0.12,2.32,-4.86,0.93|0.10,-0.22,0.96,-10.25,0.19,33.96|0.20,0.12,0.43,-5.73,-20.99,4.82
0.50,0.02,0.12,1.08,-4.36,-0.27|0.09,-0.19,0.96,-7.98,-2.97,31.22|0.19,0.14,0.42,-18.05,-25.66,-5.53
0.50,0.01,0.10,-4.62,-0.95,-0.06|0.10,-0.23,0.96,-4.32,-2.98,23.84|0.22,0.17,0.41,-25.61,-21.32,-6.28
0.50,0.02,0.12,-3.35,-1.36,0.05|0.11,-0.21,0.95,-3.48,-5.79,18.73|0.21,0.17,0.42,-19.81,-15.68,19.89
0.50,0.02,0.11,0.60,-1.92,0.27|0.10,-0.21,0.96,-2.72,-6.41,12.95|0.19,0.13,0.43,-9.05,-17.19,29.48
0.50,0.01,0.12,1.66,-3.29,0.77|0.10,-0.19,0.96,-3.99,-5.91,4.02|0.19,0.07,0.42,-3.08,-18.88,5.11
0.50,0.00,0.12,1.88,-3.05,0.47|0.10,-0.19,0.96,-0.98,-7.58,11.15|0.19,0.13,0.42,1.87,-15.40,-20.40
0.50,0.01,0.11,2.82,-0.88,0.99|0.10,-0.20,0.96,-0.26,-6.89,10.25|0.18,0.18,0.41,4.92,-6.42,-10.66
0.50,0.00,0.11,3.77,-0.26,1.12|0.10,-0.19,0.96,-0.66,-5.97,7.86|0.19,0.13,0.42,7.21,-1.34,11.63
0.50,-0.00,0.11,4.75,0.92,1.62|0.10,-0.18,0.97,-0.41,-5.49,19.84|0.20,0.13,0.42,10.78,3.31,-7.89
0.49,-0.00,0.12,5.07,-1.73,2.78|0.11,-0.21,0.95,-2.12,-3.79,20.92|0.21,0.15,0.40,13.67,7.15,-2.60
0.49,-0.01,0.13,5.99,-1.40,1.97|0.11,-0.20,0.94,-2.02,-2.37,17.49|0.20,0.18,0.41,9.62,10.94,4.60
0.50,-0.00,0.12,5.94,-0.93,1.35|0.11,-0.22,0.95,0.40,-0.22,12.05|0.20,0.16,0.42,4.02,11.79,16.44
0.50,0.00,0.12,5.59,-2.40,-0.11|0.11,-0.21,0.96,2.69,0.37,7.60|0.20,0.13,0.42,-2.67,11.39,8.54
0.50,0.00,0.12,4.74,-4.98,0.53|0.11,-0.22,0.97,4.01,1.23,4.50|0.19,0.14,0.42,-8.51,11.82,1.98
0.49,0.01,0.11,3.36,-4.16,0.83|0.11,-0.20,0.97,2.76,1.47,3.00|0.18,0.14,0.42,-10.20,13.69,4.12
0.50,0.02,0.13,0.63,-5.99,2.60|0.11,-0.18,0.94,2.45,-0.27,10.85|0.18,0.17,0.45,-14.11,18.25,6.11
0.50,-0.00,0.11,2.44,-2.05,-2.15|0.09,-0.22,0.93,5.34,-0.04,8.19|0.19,0.13,0.45,-10.14,18.34,11.42
0.51,-0.01,0.12,0.87,-2.07,-5.68|0.10,-0.20,0.95,7.07,0.07,8.58|0.19,0.16,0.45,-3.23,18.44,19.47
0.50,-0.00,0.11,1.60,-0.64,-6.95|0.10,-0.21,0.96,3.65,1.24,10.60|0.20,0.13,0.44,4.04,14.76,29.14
0.50,0.01,0.11,-1.63,1.10,-6.54|0.11,-0.19,0.97,-3.75,4.89,11.09|0.19,0.14,0.44,4.94,9.58,27.20
0.50,0.01,0.11,-3.24,1.49,-6.40|0.11,-0.23,0.96,-8.63,8.66,6.79|0.19,0.11,0.44,1.94,1.30,15.07
0.51,0.01,0.13,-6.53,-2.50,-5.14|0.10,-0.21,0.97,-10.72,8.85,-2.07|0.19,0.12,0.45,-2.80,-7.07,-0.43
0.49,0.01,0.11,-6.15,0.80,-4.93|0.11,-0.20,0.96,-11.93,7.44,2.01|0.19,0.14,0.44,-4.27,-11.60,-6.30
0.51,0.01,0.12,-6.66,-1.32,-4.65|0.10,-0.20,0.96,-12.76,7.28,0.66|0.18,0.14,0.44,-4.57,-14.17,-3.25
0.51,0.01,0.13,-7.67,-0.30,-3.39|0.10,-0.21,0.97,-12.17,8.20,-3.36|0.18,0.13,0.44,-6.75,-15.65,-6.15
0.50,0.01,0.10,-8.44,0.41,-3.79|0.10,-0.19,0.96,-10.43,6.02,-3.55|0.17,0.14,0.43,-7.36,-15.68,-8.37
0.50,0.01,0.12,-7.52,-0.11,-4.31|0.10,-0.20,0.96,-7.34,4.34,3.00|0.16,0.14,0.44,-8.24,-14.44,-6.58
0.50,0.02,0.12,-8.73,-1.27,-2.83|0.10,-0.21,0.97,-3.96,4.37,-2.81|0.16,0.13,0.42,-6.98,-12.11,-6.55
0.49,0.02,0.11,-12.12,-1.12,-0.56|0.10,-0.21,0.96,-0.18,4.76,-8.15|0.16,0.13,0.42,-5.55,-9.07,-9.59
0.50,0.02,0.11,-12.72,1.98,0.16|0.09,-0.21,0.97,3.26,3.36,-10.95|0.17,0.12,0.43,-6.43,-6.91,-15.44
0.50,0.01,0.13,-16.27,-3.71,0.98|0.10,-0.20,0.96,4.68,-0.18,-7.71|0.17,0.13,0.43,-9.47,-5.07,-25.95
0.50,0.02,0.12,-12.48,-4.05,-0.53|0.10,-0.20,0.96,4.15,-1.67,-7.24|0.18,0.16,0.43,-12.02,-2.58,-23.29
0.50,0.03,0.13,-11.73,-4.41,-1.04|0.10,-0.20,0.95,1.76,-1.83,-6.08|0.19,0.16,0.42,-13.14,1.54,-8.27
0.50,0.03,0.13,-7.47,-2.22,-3.09|0.09,-0.20,0.95,0.94,-1.21,-9.85|0.20,0.15,0.43,-13.83,1.98,-3.51
0.49,0.04,0.11,-10.18,-2.49,-4.22|0.08,-0.20,0.95,0.37,-0.14,-7.02|0.20,0.14,0.43,-12.03,-0.84,-0.19
0.50,0.04,0.12,-10.11,-0.29,-5.97|0.07,-0.21,0.94,0.34,1.63,-11.92|0.21,0.13,0.44,-8.20,-3.89,-5.78
0.49,0.05,0.12,-11.20,0.63,-7.57|0.08,-0.20,0.95,0.11,3.54,-11.24|0.21,0.14,0.43,-3.75,-6.16,-5.85
0.50,0.05,0.12,-13.08,-1.70,-7.03|0.07,-0.21,0.96,0.24,5.93,-12.49|0.20,0.14,0.42,-0.14,-5.92,-5.06
0.50,0.05,0.12,-15.18,-4.65,-5.70|0.08,-0.19,0.97,-1.61,5.69,-15.16|0.20,0.12,0.43,1.73,-6.72,-6.41
0.50,0.05,0.12,-16.63,-3.36,-5.48|0.07,-0.19,0.96,-4.98,8.50,-9.27|0.20,0.14,0.41,1.06,-6.69,-12.09
0.50,0.05,0.12,-17.08,-2.49,-5.83|0.08,-0.20,0.96,-9.80,10.89,-10.46|0.20,0.14,0.42,-0.40,-6.70,-7.48
0.49,0.05,0.12,-14.47,-1.67,-6.06|0.08,-0.19,0.97,-12.60,12.30,-12.35|0.21,0.14,0.42,-3.24,-6.10,-5.36
0.49,0.06,0.10,-12.98,-0.82,-6.51|0.07,-0.18,0.96,-13.95,11.15,-7.09|0.21,0.15,0.42,-7.20,-6.27,-6.57
0.49,0.06,0.12,-12.27,-1.94,-6.85|0.07,-0.19,0.96,-14.03,10.79,-4.41|0.22,0.14,0.42,-8.94,-6.40,-1.30
0.49,0.06,0.12,-10.32,-1.92,-8.73|0.07,-0.19,0.96,-12.78,10.02,-3.26|0.22,0.14,0.43,-11.02,-6.63,-0.49
0.50,0.06,0.12,-9.58,-4.17,-8.21|0.07,-0.19,0.97,-9.56,9.02,-0.69|0.22,0.14,0.42,-12.09,-7.34,-0.40
0.50,0.06,0.12,-9.13,-3.50,-6.31|0.07,-0.20,0.98,-5.55,9.51,-0.96|0.21,0.14,0.41,-11.60,-8.10,-1.02
0.50,0.06,0.12,-9.53,-4.63,-3.66|0.07,-0.21,0.98,-1.78,9.85,-2.11|0.21,0.13,0.42,-10.10,-8.73,-3.07
0.49,0.06,0.11,-9.23,-3.97,-2.17|0.08,-0.20,0.96,0.44,11.60,-7.44|0.20,0.14,0.41,-9.18,-7.95,-8.14
0.49,0.07,0.12,-8.58,-3.98,-1.95|0.07,-0.20,0.96,1.25,10.71,-9.93|0.21,0.14,0.41,-9.19,-5.95,-8.44
0.49,0.07,0.11,-8.08,-4.44,-3.02|0.07,-0.20,0.96,3.73,6.82,-10.35|0.21,0.14,0.42,-8.42,-3.52,-5.37
0.50,0.08,0.12,-5.13,-7.36,-5.10|0.07,-0.19,0.97,6.92,1.37,-4.47|0.22,0.13,0.42,-7.09,-2.11,-5.63
0.50,0.08,0.12,-5.00,-5.86,-4.28|0.07,-0.21,0.98,8.85,-1.38,-1.80|0.23,0.15,0.42,-6.09,-1.52,-5.23
0.50,0.07,0.12,-4.99,-5.41,-3.74|0.07,-0.20,0.97,7.41,-1.73,-1.47|0.23,0.15,0.41,-3.33,-1.86,1.48
0.50,0.07,0.11,-6.32,-5.95,-3.87|0.06,-0.20,0.97,3.85,-0.05,-0.54|0.23,0.15,0.42,-3.05,-2.98,9.56
0.50,0.07,0.11,-3.20,-3.10,-3.37|0.06,-0.19,0.98,-0.56,0.76,-0.44|0.22,0.13,0.42,-4.46,-3.76,9.98
0.49,0.07,0.09,-1.34,-5.07,-1.58|0.07,-0.18,0.98,-5.48,0.64,6.36|0.22,0.14,0.41,-5.69,-3.24,7.61
0.50,0.07,0.11,1.95,-2.64,-1.23|0.06,-0.18,0.98,-9.37,-0.40,12.05|0.21,0.14,0.41,-6.18,-2.36,12.77
0.50,0.07,0.11,1.03,0.35,1.60|0.06,-0.19,0.97,-10.11,0.42,14.76|0.21,0.13,0.41,-5.59,-1.10,6.08
0.49,0.07,0.10,0.71,-1.48,2.28|0.06,-0.20,0.97,-9.87,2.66,7.36|0.21,0.13,0.43,-1.64,-1.04,4.73
0.50,0.07,0.09,0.47,-0.76,3.21|0.06,-0.21,0.97,-6.45,3.02,5.17|0.21,0.12,0.42,3.69,0.44,3.75
0.50,0.07,0.10,-1.44,-1.71,3.92|0.07,-0.19,0.97,-3.79,1.16,1.66|0.21,0.13,0.42,5.50,2.08,2.69
0.50,0.07,0.10,-3.37,-0.08,3.70|0.07,-0.19,0.97,-2.47,-0.82,7.20|0.21,0.12,0.42,7.00,2.73,3.83
0.50,0.07,0.08,-4.14,0.42,4.24|0.07,-0.20,0.97,-1.11,-1.87,0.39|0.21,0.13,0.42,6.26,3.91,0.13
0.50,0.07,0.10,-4.92,-2.65,5.84|0.07,-0.19,0.97,-0.53,-4.41,-0.29|0.21,0.12,0.42,6.63,3.18,-0.66
0.50,0.07,0.10,-4.62,2.51,6.08|0.07,-0.20,0.98,-0.44,-6.52,-2.59|0.22,0.13,0.42,5.69,4.92,0.47
0.50,0.07,0.10,-5.60,2.20,6.61|0.07,-0.20,0.97,-0.62,-8.09,-1.21|0.21,0.12,0.42,4.52,5.63,-1.26
0.50,0.07,0.09,-6.39,5.24,6.22|0.07,-0.20,0.97,-2.26,-8.23,-2.49|0.21,0.12,0.43,1.92,4.44,-0.86
0.50,0.07,0.10,-9.55,3.46,6.20|0.07,-0.20,0.97,-3.78,-7.98,-4.09|0.21,0.12,0.43,-1.73,3.50,-7.74
0.50,0.06,0.11,-7.48,1.08,5.73|0.07,-0.20,0.97,-4.92,-7.50,-4.59|0.22,0.15,0.43,-4.19,3.89,-7.74
0.50,0.06,0.11,-8.32,2.73,5.16|0.07,-0.19,0.97,-6.39,-6.75,-3.27|0.22,0.14,0.43,-5.64,3.34,0.44
0.50,0.04,0.11,-6.78,3.62,4.42|0.07,-0.19,0.97,-7.46,-4.37,0.60|0.21,0.15,0.44,-8.74,1.98,1.33
0.49,0.04,0.10,-10.01,1.50,3.38|0.08,-0.18,0.95,-9.40,-0.18,9.75|0.20,0.14,0.42,-9.52,-0.34,5.23
0.48,0.03,0.11,-8.54,-1.94,2.94|0.08,-0.19,0.94,-11.88,3.49,9.53|0.19,0.14,0.43,-10.82,-2.08,2.85
0.49,0.02,0.11,-4.50,-1.95,2.05|0.09,-0.20,0.95,-12.89,7.27,3.87|0.18,0.14,0.43,-11.26,-2.76,4.15
0.49,0.02,0.10,-4.31,-3.73,3.00|0.09,-0.19,0.96,-11.40,8.94,4.78|0.18,0.14,0.43,-11.57,-2.27,3.02
0.50,0.01,0.11,-3.13,-6.67,3.34|0.10,-0.19,0.96,-9.64,9.74,0.82|0.17,0.14,0.43,-10.63,-1.40,3.72
0.50,0.00,0.10,-3.66,-6.44,3.66|0.10,-0.18,0.96,-7.73,9.71,4.89|0.17,0.14,0.43,-8.98,-0.92,5.95
0.51,-0.01,0.11,-1.84,-12.04,5.06|0.11,-0.20,0.99,-3.81,8.29,0.82|0.16,0.14,0.44,-9.07,-1.06,5.31
0.50,-0.00,0.12,-3.62,-9.24,5.20|0.12,-0.18,0.95,-2.43,6.15,14.10|0.16,0.14,0.43,-8.37,-0.53,5.00
0.49,-0.00,0.12,0.75,-3.63,4.35|0.12,-0.22,0.95,-0.73,5.77,5.50|0.16,0.14,0.43,-7.26,-0.25,6.27
0.49,0.01,0.11,4.97,-1.05,2.98|0.11,-0.20,0.96,2.77,-0.77,5.70|0.16,0.10,0.43,-9.77,-1.81,-10.59
0.50,-0.00,0.13,9.77,-1.21,2.94|0.11,-0.20,0.97,8.23,-9.34,9.05|0.17,0.18,0.43,-12.01,0.74,-20.14
0.49,-0.00,0.12,5.95,-9.31,8.53|0.11,-0.21,0.98,14.08,-15.44,13.85|0.17,0.18,0.41,-9.65,6.25,3.48
0.49,-0.01,0.10,3.30,-10.07,9.37|0.12,-0.21,0.96,15.63,-15.94,13.15|0.16,0.16,0.43,-5.14,8.82,21.07
0.50,-0.02,0.11,0.82,-15.21,11.04|0.13,-0.22,0.96,14.82,-12.03,5.73|0.15,0.13,0.45,-3.16,6.02,23.28
0.50,-0.03,0.11,2.60,-14.56,9.87|0.12,-0.21,0.96,12.86,-8.19,-3.03|0.15,0.12,0.45,-2.11,2.35,5.92
0.51,-0.03,0.10,5.71,-13.18,8.64|0.12,-0.18,0.96,10.59,-7.76,1.62|0.15,0.15,0.46,-4.31,2.20,7.92
0.50,-0.03,0.10,8.13,-13.18,8.09|0.12,-0.18,0.95,5.40,-7.20,12.66|0.15,0.16,0.43,-5.00,6.48,14.17
0.50,-0.04,0.10,11.12,-8.44,6.05|0.12,-0.18,0.95,0.06,-7.42,16.11|0.15,0.15,0.44,-6.80,8.24,23.69
0.51,-0.03,0.11,10.91,-6.15,5.85|0.12,-0.20,0.95,-2.48,-5.82,22.37|0.15,0.13,0.45,-7.58,6.95,19.24
0.51,-0.03,0.10,8.42,-6.42,4.82|0.13,-0.19,0.95,-3.64,-2.97,20.08|0.15,0.13,0.46,-7.44,5.19,13.93
0.52,-0.03,0.09,8.82,-4.89,3.59|0.13,-0.22,0.96,-1.44,0.33,16.88|0.15,0.15,0.46,-5.46,5.05,9.45
0.51,-0.03,0.09,6.53,-3.85,2.98|0.13,-0.20,0.96,-2.60,0.58,9.55|0.15,0.13,0.44,0.42,4.27,14.45
0.50,-0.04,0.09,6.72,-3.49,1.15|0.13,-0.20,0.96,-4.58,-0.37,12.11|0.15,0.14,0.45,4.41,2.21,14.01
0.51,-0.03,0.08,2.18,-0.40,0.31|0.13,-0.20,0.96,-6.64,-1.24,12.11|0.15,0.12,0.46,7.01,-1.69,9.12
0.50,-0.04,0.08,-0.15,1.42,-1.99|0.13,-0.21,0.94,-7.63,0.05,9.11|0.15,0.13,0.46,8.65,-6.26,3.56
0.51,-0.04,0.10,-5.28,2.76,-3.52|0.13,-0.21,0.95,-5.78,1.56,2.57|0.14,0.12,0.47,10.30,-10.36,-1.42
0.50,-0.04,0.09,-6.50,5.79,-5.66|0.13,-0.21,0.94,-4.47,2.71,1.99|0.14,0.11,0.46,12.35,-13.51,-6.79
0.50,-0.04,0.09,-8.82,6.53,-7.96|0.13,-0.20,0.93,-6.68,5.18,-0.79|0.14,0.13,0.45,11.15,-14.70,-8.89
0.50,-0.05,0.10,-7.56,8.49,-8.25|0.13,-0.21,0.95,-8.80,7.17,-4.35|0.14,0.14,0.45,5.77,-14.50,-5.13
0.50,-0.04,0.09,-4.73,7.63,-8.06|0.13,-0.19,0.95,-12.72,9.37,-4.29|0.14,0.15,0.43,-2.14,-11.55,-4.57
0.50,-0.03,0.09,-3.92,10.51,-9.02|0.12,-0.21,0.96,-14.95,12.89,-6.20|0.14,0.16,0.44,-8.91,-8.89,2.37
0.52,-0.03,0.10,-2.91,11.54,-8.61|0.11,-0.19,0.97,-16.98,14.99,-10.69|0.15,0.15,0.45,-12.18,-6.60,7.27
0.48,0.00,0.08,-2.82,8.31,-9.43|0.11,-0.18,0.97,-15.93,12.14,-7.47|0.17,0.11,0.44,-10.94,-5.31,-1.78
0.47,0.00,0.11,-2.85,2.16,-9.82|0.10,-0.19,0.93,-12.17,9.50,2.94|0.18,0.14,0.41,-3.85,-3.82,-12.11
0.49,0.02,0.11,-5.53,2.58,-8.61|0.09,-0.22,0.95,-6.03,5.06,0.09|0.19,0.16,0.43,3.88,-2.68,4.29
0.52,0.03,0.11,-9.92,2.95,-8.54|0.09,-0.21,0.99,3.56,0.56,-2.51|0.19,0.14,0.44,3.08,-2.64,4.63
0.50,0.02,0.11,-11.60,-0.09,-8.84|0.10,-0.22,0.96,9.05,1.69,0.56|0.19,0.13,0.43,2.41,-3.49,-4.00
0.49,0.02,0.11,-12.59,-0.71,-7.65|0.09,-0.22,0.95,8.29,4.90,-14.69|0.19,0.15,0.42,4.76,-2.85,0.94
0.50,0.02,0.10,-9.67,-1.40,-6.83|0.09,-0.19,0.97,5.47,5.19,-22.87|0.19,0.13,0.42,4.44,-2.31,5.38
0.51,0.03,0.11,-9.82,-1.83,-5.86|0.08,-0.18,0.98,3.60,3.27,-11.60|0.19,0.14,0.43,-1.63,-1.54,1.31
0.50,0.03,0.11,-11.16,-1.24,-4.94|0.08,-0.20,0.96,0.27,2.45,-4.36|0.19,0.14,0.42,-6.70,-2.27,1.68
0.49,0.03,0.11,-10.39,0.35,-4.96|0.08,-0.20,0.96,-3.02,4.30,-4.47|0.19,0.13,0.43,-9.48,-3.65,-2.90
0.50,0.03,0.11,-10.34,-0.98,-4.15|0.08,-0.20,0.96,-5.21,6.18,-4.39|0.20,0.13,0.42,-9.80,-4.82,-6.03
0.50,0.03,0.11,-11.67,-1.48,-3.57|0.08,-0.21,0.96,-5.38,7.40,-4.81|0.19,0.15,0.43,-10.45,-4.20,-3.61
0.50,0.03,0.10,-13.43,-4.21,-2.20|0.09,-0.20,0.96,-6.16,8.54,-4.59|0.19,0.14,0.43,-11.38,-4.83,-1.85
0.50,0.03,0.11,-11.16,-0.52,-2.95|0.09,-0.21,0.97,-7.29,9.26,-7.42|0.19,0.15,0.42,-12.08,-5.06,-4.11
0.50,0.03,0.11,-10.79,-1.18,-1.79|0.09,-0.19,0.97,-9.16,9.20,-5.61|0.19,0.14,0.43,-11.12,-5.14,-5.53
0.50,0.03,0.11,-11.28,-1.92,-1.79|0.09,-0.20,0.97,-9.83,8.61,-5.31|0.19,0.15,0.43,-10.15,-4.54,-2.95
0.50,0.03,0.12,-9.32,-0.16,-1.88|0.09,-0.20,0.96,-10.03,8.11,-5.95|0.19,0.15,0.42,-8.42,-3.40,-4.02
0.49,0.03,0.12,-9.85,0.19,-1.37|0.09,-0.20,0.96,-8.40,6.21,-5.98|0.19,0.15,0.42,-5.53,-3.21,-2.23
0.51,0.03,0.12,-7.83,1.27,-0.31|0.09,-0.20,0.96,-5.90,5.11,-4.44|0.19,0.14,0.43,-2.75,-2.44,-2.84
0.50,0.02,0.11,-10.71,0.79,-0.91|0.09,-0.20,0.97,-3.85,4.18,-7.41|0.19,0.14,0.43,-0.77,-2.50,-3.45
0.50,0.02,0.12,-11.76,-1.57,-0.98|0.09,-0.20,0.96,-1.59,2.82,-5.79|0.19,0.15,0.43,-1.49,-2.73,-1.50
0.49,0.02,0.12,-10.23,-1.35,-2.08|0.09,-0.19,0.96,-0.76,2.15,-1.64|0.18,0.15,0.43,-2.86,-2.66,-2.87
0.50,0.02,0.12,-9.44,-2.69,-2.15|0.09,-0.21,0.96,-0.84,2.91,-2.59|0.18,0.15,0.43,-3.88,-3.62,0.15
0.50,0.02,0.12,-8.90,-1.55,-2.19|0.09,-0.20,0.96,-1.92,3.89,-2.29|0.18,0.14,0.43,-4.82,-3.76,-2.82
0.50,0.02,0.13,-7.79,-1.79,-1.65|0.10,-0.21,0.96,-3.67,4.96,-4.22|0.18,0.14,0.43,-4.39,-3.51,-1.13
0.50,0.02,0.12,-6.75,-0.15,-1.05|0.09,-0.20,0.96,-5.22,4.90,-2.01|0.18,0.15,0.43,-5.27,-2.88,-0.04
0.49,0.01,0.13,-4.55,5.34,-0.69|0.10,-0.21,0.96,-6.57,5.11,-2.18|0.18,0.14,0.43,-6.12,-2.99,-0.59
0.50,0.02,0.11,-5.37,-1.41,0.56|0.10,-0.20,0.96,-7.32,6.05,-4.72|0.18,0.14,0.43,-5.46,-3.49,-4.91
0.50,0.02,0.11,-6.47,-1.85,-0.59|0.09,-0.21,0.96,-5.65,6.68,-9.20|0.19,0.16,0.43,-5.19,-2.75,-1.53
0.50,0.01,0.12,-6.02,3.30,-1.78|0.09,-0.20,0.96,-3.03,6.38,-10.76|0.18,0.16,0.43,-4.14,-1.18,1.81
0.50,0.02,0.12,-6.92,-1.07,-1.33|0.10,-0.20,0.96,-2.00,6.31,-9.98|0.18,0.15,0.43,-2.40,-1.56,6.55
0.49,0.02,0.14,-8.63,-1.21,-0.12|0.09,-0.21,0.96,-3.70,5.95,-12.35|0.18,0.12,0.42,-0.02,-2.63,-4.34
0.50,0.02,0.11,-12.44,2.82,2.62|0.09,-0.22,0.97,-2.64,3.92,-16.52|0.18,0.15,0.43,1.75,-1.64,-6.47
0.49,-0.00,0.13,-9.56,-1.34,2.78|0.09,-0.17,0.93,-5.22,0.54,-4.40|0.18,0.16,0.44,2.06,1.31,-4.97
0.50,0.00,0.13,-5.15,-1.29,-1.96|0.09,-0.20,0.94,-7.27,0.17,2.28|0.18,0.18,0.45,-2.11,2.63,13.07
0.50,-0.01,0.12,0.85,-1.56,-5.95|0.09,-0.20,0.95,-9.15,3.60,8.37|0.18,0.15,0.44,-5.29,0.89,17.75
0.49,0.01,0.13,0.36,-1.43,-7.73|0.09,-0.20,0.97,-10.48,7.81,8.87|0.18,0.13,0.43,-5.96,-3.95,17.59
0.50,0.02,0.13,-2.00,-1.05,-8.11|0.09,-0.21,0.96,-13.00,11.27,11.99|0.18,0.13,0.44,-6.52,-8.08,5.86
0.49,0.03,0.12,-6.11,-2.40,-6.57|0.09,-0.23,0.96,-12.91,13.61,2.56|0.18,0.13,0.42,-5.88,-8.93,-2.08
0.50,0.03,0.12,-7.25,-2.80,-5.46|0.08,-0.23,0.96,-8.77,11.82,-2.02|0.18,0.15,0.42,-5.07,-7.37,-1.35
0.50,0.03,0.14,-8.76,-2.66,-3.91|0.09,-0.22,0.96,-3.40,8.32,-6.37|0.18,0.14,0.42,-5.60,-5.92,0.37
0.50,0.03,0.11,-10.05,-1.73,-3.44|0.09,-0.22,0.96,1.75,4.37,-6.28|0.18,0.14,0.42,-7.37,-4.31,-4.89
0.50,0.03,0.12,-11.99,-2.56,-1.89|0.09,-0.22,0.96,4.85,3.08,-8.49|0.18,0.14,0.42,-6.55,-3.14,-3.31
0.50,0.03,0.12,-11.71,-2.82,-0.96|0.09,-0.21,0.96,4.78,2.22,-14.24|0.18,0.14,0.43,-5.01,-2.85,-5.72
0.50,0.03,0.13,-14.33,-4.44,-0.84|0.09,-0.20,0.96,4.58,0.63,-11.74|0.19,0.13,0.43,-4.50,-2.06,-9.42
0.50,0.03,0.12,-12.38,0.76,-2.29|0.09,-0.21,0.96,5.01,-0.70,-10.84|0.18,0.15,0.43,-4.67,-1.18,-7.89
0.50,0.02,0.12,-13.67,-1.87,-1.54|0.09,-0.21,0.96,4.35,-0.40,-11.05|0.19,0.13,0.42,-5.53,-1.11,-5.44
0.50,0.02,0.13,-12.44,-0.17,-1.24|0.08,-0.21,0.96,2.28,0.00,-13.40|0.19,0.15,0.44,-7.37,-1.58,-8.53
0.50,0.02,0.12,-10.75,-2.48,-0.70|0.09,-0.19,0.96,-1.44,0.79,-7.79|0.19,0.15,0.43,-8.99,-2.57,-5.30
0.49,0.01,0.12,-8.43,-1.73,-0.11|0.09,-0.19,0.97,-5.96,1.23,-1.47|0.19,0.16,0.44,-10.98,-2.17,-4.43
0.49,0.02,0.12,-8.42,-4.63,0.85|0.10,-0.19,0.96,-8.56,2.52,6.82|0.18,0.16,0.42,-11.52,-2.79,0.86
0.51,0.02,0.13,-6.77,-1.63,1.15|0.10,-0.21,0.96,-9.41,5.18,2.87|0.18,0.14,0.43,-11.28,-3.92,-2.05
0.49,0.02,0.11,-6.05,0.09,0.92|0.12,-0.16,0.95,-24.79,8.05,26.19|0.18,0.15,0.43,-9.97,-4.51,-5.08
0.50,0.00,0.13,-0.68,3.57,-1.27|0.10,-0.24,0.97,-42.77,13.32,13.98|0.19,0.16,0.43,-7.00,-3.40,-3.00
0.49,0.02,0.10,-2.60,-0.22,-1.04|0.07,-0.28,0.94,-57.34,8.88,16.76|0.18,0.15,0.42,-1.02,-2.69,4.74
0.50,0.02,0.12,-2.92,-3.08,2.44|0.08,-0.27,0.94,-59.93,1.08,16.28|0.18,0.13,0.43,2.50,-2.98,-0.34
0.50,0.02,0.12,-6.26,1.47,2.37|0.07,-0.29,0.90,-50.10,-2.31,16.60|0.18,0.15,0.43,5.28,-1.45,-6.89
0.49,0.01,0.13,-4.82,0.05,2.27|0.06,-0.27,0.91,-33.16,-5.69,-0.31|0.18,0.15,0.43,7.57,-0.40,-0.47
0.49,0.01,0.13,-2.39,2.25,1.56|0.06,-0.27,0.90,-16.02,-7.25,0.52|0.18,0.15,0.43,6.93,0.99,2.73
0.50,0.01,0.14,-1.49,1.31,1.05|0.08,-0.25,0.91,-1.18,-7.41,-1.11|0.18,0.15,0.44,4.14,1.18,3.95
0.50,0.00,0.12,-3.67,0.21,1.11|0.08,-0.27,0.92,6.82,-6.43,1.05|0.18,0.15,0.43,-1.20,-0.18,3.73
0.49,0.00,0.12,-1.52,1.32,0.89|0.09,-0.25,0.92,13.47,-3.79,-0.52|0.18,0.15,0.43,-3.87,-0.91,1.42
0.49,0.01,0.12,-0.82,-1.57,0.83|0.09,-0.26,0.93,17.95,-3.76,1.50|0.18,0.15,0.44,-4.53,-1.33,6.91
0.51,-0.01,0.13,0.28,-3.08,0.87|0.09,-0.26,0.93,22.82,-5.47,8.02|0.17,0.14,0.45,-5.88,-1.73,3.33
0.52,-0.02,0.13,3.55,-5.34,2.16|0.09,-0.27,0.95,29.35,-6.60,5.21|0.17,0.17,0.45,-8.24,-0.53,7.26
0.50,-0.02,0.13,7.45,-4.78,3.24|0.11,-0.24,0.95,31.44,-7.56,11.37|0.16,0.16,0.44,-10.76,0.24,12.16
0.47,-0.01,0.12,9.78,-7.23,2.40|0.11,-0.22,0.92,27.43,-6.20,13.73|0.16,0.16,0.42,-12.60,0.44,14.78
0.48,-0.01,0.12,11.59,-12.75,2.99|0.11,-0.21,0.93,25.92,-6.07,11.47|0.15,0.16,0.42,-11.56,1.04,17.39
0.51,0.00,0.10,13.48,-12.00,1.89|0.10,-0.23,0.96,27.04,-7.93,15.63|0.16,0.14,0.45,-10.37,-0.03,10.47
0.51,-0.01,0.11,13.06,-12.11,2.21|0.11,-0.23,0.98,28.53,-9.35,14.56|0.16,0.14,0.45,-6.50,-0.58,5.87
0.50,0.00,0.11,8.54,-12.73,2.60|0.12,-0.22,-0.79,117.25,0.18,19.73|0.16,0.14,0.44,0.40,1.54,5.55
0.49,0.00,0.11,7.95,-6.41,-0.21|0.12,-0.22,0.94,19.11,-2.69,2.53|0.16,0.13,0.44,5.66,1.89,10.18
0.51,0.01,0.11,7.12,-5.89,-2.18|0.10,-0.21,0.95,14.30,-1.99,-0.84|0.17,0.14,0.45,4.92,3.59,9.10
0.50,-0.00,0.11,4.75,-8.73,-2.83|0.10,-0.20,0.96,12.03,-3.28,3.84|0.17,0.14,0.44,1.85,4.77,11.11
0.50,-0.00,0.11,4.11,-6.11,-2.78|0.10,-0.20,0.95,7.55,-0.98,12.73|0.18,0.14,0.44,-1.30,4.13,16.27
0.49,-0.00,0.10,2.04,-8.57,-4.41|0.10,-0.21,0.95,0.87,4.57,7.33|0.17,0.13,0.45,-5.02,0.37,16.47
0.49,0.01,0.09,0.52,-8.41,-5.52|0.10,-0.20,0.94,-5.63,11.15,2.48|0.17,0.11,0.43,-6.68,-4.98,8.36
0.50,0.01,0.09,-6.01,-9.60,-5.71|0.10,-0.20,0.95,-9.10,14.89,-2.49|0.17,0.13,0.44,-6.64,-8.41,4.03
0.51,0.02,0.10,-10.95,-7.60,-6.96|0.10,-0.21,0.95,-11.56,16.98,-6.18|0.17,0.11,0.45,-6.46,-11.21,0.79
0.51,0.03,0.10,-16.40,-6.98,-9.06|0.09,-0.14,0.98,-28.17,15.31,16.09|0.18,0.12,0.45,-5.17,-12.22,-10.21
0.50,0.02,0.07,-14.81,4.27,-12.57|0.09,-0.25,0.97,-44.73,16.87,53.16|0.18,0.12,0.44,-2.38,-12.75,-7.24
0.50,0.02,0.09,-13.32,0.42,-10.89|0.06,-0.35,0.94,-76.20,21.69,21.69|0.18,0.12,0.42,-1.03,-11.05,-7.82
0.51,0.03,0.09,-15.27,-0.72,-9.49|0.07,-0.34,0.92,-91.31,13.74,15.44|0.18,0.14,0.42,-5.04,-8.73,-7.80
0.50,0.03,0.08,-15.59,-0.53,-7.38|0.06,-0.36,0.89,-82.95,10.94,3.38|0.18,0.14,0.41,-10.33,-7.51,-2.56
0.50,0.03,0.09,-14.93,-3.07,-6.05|0.06,-0.32,0.90,-66.66,6.92,-9.66|0.19,0.13,0.43,-14.08,-8.21,-4.79
0.50,0.03,0.10,-15.99,-3.24,-5.52|0.04,-0.31,0.89,-48.28,5.72,-16.62|0.19,0.12,0.42,-12.02,-9.08,-10.00
0.49,0.03,0.09,-13.28,-0.47,-5.19|0.05,-0.29,0.90,-28.36,7.08,-28.99|0.19,0.15,0.44,-10.17,-9.24,-6.82
0.50,0.03,0.09,-11.85,-1.94,-5.73|0.06,-0.26,0.90,-15.52,6.13,-25.67|0.19,0.14,0.43,-12.47,-6.85,-3.89
0.50,0.03,0.10,-10.68,-4.51,-5.12|0.05,-0.28,0.89,-2.56,2.95,-5.18|0.19,0.15,0.42,-13.16,-6.53,-2.62
0.50,0.03,0.09,-10.34,-2.26,-5.02|0.06,-0.30,0.90,13.29,4.51,-14.75|0.20,0.13,0.42,-10.18,-8.33,0.21
0.50,0.03,0.09,-12.00,-4.61,-2.92|0.06,-0.29,0.89,25.02,0.17,0.87|0.19,0.12,0.43,-7.18,-10.02,-8.17
0.50,0.03,0.09,-14.07,-7.15,-1.46|0.06,-0.32,0.90,33.60,2.00,-4.79|0.18,0.13,0.42,-4.27,-9.00,-9.27
0.50,0.04,0.09,-15.28,-6.24,-1.43|0.07,-0.26,0.90,41.52,2.03,1.61|0.18,0.13,0.42,-3.92,-7.79,-12.00
0.50,0.03,0.07,-14.97,-3.66,-1.29|0.05,-0.32,0.92,49.23,3.40,-5.26|0.18,0.13,0.42,-4.55,-5.03,-15.46
0.51,0.04,0.09,-13.61,0.11,-1.15|0.07,-0.27,0.94,48.51,6.39,-20.76|0.19,0.14,0.42,-4.42,-2.49,-10.67
0.50,0.04,0.09,-11.05,-3.93,-1.98|0.08,-0.25,0.93,44.44,7.63,-9.57|0.19,0.12,0.44,-10.24,-0.17,-14.96
0.50,0.06,0.09,-12.95,-1.84,-4.29|0.07,-0.25,0.92,40.99,8.30,-11.85|0.21,0.16,0.43,-10.65,-0.11,-26.37
0.49,0.05,0.08,-14.52,-2.08,-8.29|0.07,-0.25,0.94,38.69,10.28,-22.78|0.22,0.16,0.43,-1.37,2.96,-0.21
0.49,0.06,0.08,-16.10,-2.95,-10.11|0.07,-0.22,0.95,36.18,10.68,-19.85|0.22,0.12,0.43,8.75,3.37,5.35
0.51,0.07,0.08,-17.98,-1.84,-10.80|0.08,-0.22,0.98,31.44,11.50,-26.63|0.22,0.13,0.43,11.97,0.98,10.49
0.50,0.08,0.08,-21.05,-2.25,-10.18|0.08,-0.22,0.97,24.68,12.32,-33.44|0.22,0.11,0.43,8.05,-4.66,-1.07
0.51,0.07,0.09,-18.77,-1.56,-8.12|0.08,-0.20,1.00,14.30,9.91,-35.82|0.22,0.14,0.42,0.51,-10.02,-11.50
0.52,0.04,0.10,-9.95,-1.09,-4.82|0.09,-0.20,0.99,4.72,7.95,-21.40|0.22,0.13,0.39,-5.73,-10.98,-9.15
0.50,0.04,0.11,-0.12,7.81,1.24|0.08,-0.19,0.99,-13.79,3.50,-18.62|0.22,0.17,0.38,-16.05,-7.83,-5.83
0.49,0.07,0.08,2.10,5.85,5.85|0.09,-0.16,0.98,-28.87,1.58,-9.96|0.22,0.18,0.38,-27.15,-3.99,6.89
0.51,0.07,0.09,4.13,1.92,5.23|0.08,-0.18,0.99,-34.13,-0.93,7.14|0.21,0.17,0.42,-33.60,-2.69,18.50
0.51,0.08,0.10,-0.62,0.74,5.77|0.08,-0.19,0.98,-36.20,1.18,14.59|0.20,0.09,0.43,-26.87,-5.23,5.16
0.49,0.07,0.09,-7.28,-0.02,7.76|0.07,-0.25,0.96,-34.58,6.19,-0.73|0.20,0.10,0.42,-9.68,-4.46,-11.44
0.48,0.06,0.09,-6.84,-2.44,8.08|0.07,-0.21,0.93,-29.50,7.30,-11.64|0.19,0.13,0.41,8.07,-0.05,-14.00
0.49,0.06,0.10,-4.60,-0.60,7.09|0.05,-0.22,0.94,-22.03,3.82,-12.19|0.19,0.15,0.42,15.92,5.22,-4.24
0.51,0.06,0.10,-6.16,0.96,6.88|0.05,-0.21,0.96,-8.51,-0.52,-17.06|0.19,0.15,0.42,15.40,10.24,-1.71
0.51,0.05,0.10,-7.84,1.34,6.63|0.06,-0.19,0.97,2.21,-4.60,-7.98|0.20,0.14,0.43,12.41,11.97,-1.18
0.50,0.04,0.11,-6.20,4.18,6.92|0.08,-0.20,0.96,7.01,-2.66,-3.03|0.20,0.14,0.43,11.21,11.94,0.66
0.50,0.03,0.10,-5.43,4.67,5.62|0.09,-0.19,0.95,6.17,1.03,-4.07|0.21,0.15,0.43,9.45,10.98,7.10
0.49,0.03,0.10,-5.11,3.66,4.50|0.09,-0.19,0.96,3.90,4.81,-2.98|0.20,0.14,0.43,5.17,8.57,10.98
0.51,0.02,0.12,-3.03,1.68,3.79|0.09,-0.20,0.96,5.44,4.97,-2.93|0.20,0.14,0.43,-2.99,5.42,6.96
0.50,0.02,0.10,-2.70,5.54,2.40|0.09,-0.20,0.95,7.19,-0.23,9.66|0.20,0.16,0.43,-11.01,1.27,8.14
0.50,0.01,0.11,1.57,6.58,2.73|0.10,-0.22,0.95,6.18,-2.21,12.52|0.19,0.16,0.43,-16.11,-2.53,8.76
0.49,-0.00,0.11,4.21,6.31,3.38|0.11,-0.20,0.96,2.40,-3.73,9.53|0.18,0.14,0.44,-17.66,-6.59,9.63
0.49,-0.01,0.11,6.50,0.92,3.98|0.11,-0.19,0.96,-2.69,-0.84,14.56|0.17,0.15,0.44,-15.50,-9.11,7.02
0.51,-0.01,0.13,8.47,1.14,3.51|0.11,-0.21,0.96,-6.68,1.98,15.24|0.17,0.15,0.45,-12.73,-9.71,7.45
0.51,-0.00,0.11,9.47,1.40,3.18|0.11,-0.21,0.96,-9.73,3.73,9.71|0.16,0.16,0.44,-8.95,-8.35,8.29
0.50,0.00,0.11,11.20,3.50,1.27|0.11,-0.21,0.95,-11.51,3.18,4.61|0.16,0.16,0.44,-3.86,-6.59,9.44
0.49,0.01,0.12,12.15,3.27,0.98|0.10,-0.18,0.95,-12.67,0.23,6.92|0.15,0.14,0.43,3.57,-3.82,11.01
0.50,0.01,0.13,12.91,-1.53,0.02|0.10,-0.20,0.96,-8.63,-3.03,13.44|0.16,0.15,0.44,8.29,0.83,10.79
0.51,-0.00,0.13,10.74,-2.19,0.70|0.09,-0.21,0.96,-1.66,-6.00,15.45|0.17,0.16,0.44,10.75,5.29,16.68
0.50,-0.00,0.12,10.08,2.14,0.44|0.10,-0.21,0.96,4.40,-7.68,17.72|0.16,0.16,0.43,11.81,8.79,22.48
0.47,-0.01,0.11,9.27,0.37,0.36|0.10,-0.19,0.94,3.34,-9.06,22.37|0.17,0.13,0.42,14.20,4.60,25.66
0.49,0.00,0.14,10.07,-10.21,2.15|0.11,-0.20,0.96,3.52,-4.78,20.92|0.16,0.11,0.44,13.49,2.24,11.16
0.52,0.01,0.13,6.69,-7.14,1.98|0.11,-0.23,0.97,7.12,-0.84,14.37|0.17,0.16,0.45,7.84,2.34,6.20
0.50,0.01,0.13,7.04,-5.72,1.01|0.11,-0.22,0.95,7.50,0.44,8.18|0.17,0.15,0.43,3.28,5.56,10.35
0.49,0.01,0.12,7.04,-4.66,0.92|0.10,-0.20,0.95,7.08,-1.86,2.83|0.17,0.14,0.43,-1.50,5.14,18.85
0.50,0.02,0.12,5.96,-4.47,-0.25|0.10,-0.20,0.96,8.27,-6.60,12.40|0.17,0.12,0.44,-6.79,3.06,10.00
0.50,0.02,0.12,4.54,-4.02,-2.11|0.10,-0.24,0.95,8.13,-10.46,11.31|0.18,0.15,0.44,-8.66,2.58,6.37
0.50,0.02,0.12,1.46,-3.67,-3.66|0.10,-0.18,0.95,5.84,-5.37,13.25|0.18,0.13,0.44,-7.53,1.57,10.63
0.50,0.03,0.11,-0.69,-3.66,-4.79|0.08,-0.25,0.95,3.24,1.07,0.15|0.19,0.13,0.44,-5.35,0.82,5.13
0.50,0.02,0.11,-4.75,-5.44,-4.73|0.09,-0.20,0.95,3.44,0.53,-7.28|0.19,0.14,0.44,-4.56,-1.32,5.58
0.50,0.03,0.12,-5.44,-1.58,-4.12|0.09,-0.19,0.95,1.64,1.85,0.76|0.18,0.13,0.43,-4.76,-3.28,2.40
0.50,0.03,0.11,-7.73,-0.63,-4.11|0.09,-0.22,0.97,-0.75,3.90,1.83|0.19,0.14,0.44,-5.37,-5.65,0.24
0.50,0.02,0.11,-8.76,-1.91,-3.11|0.09,-0.20,0.96,-4.54,7.01,-9.54|0.18,0.13,0.43,-5.95,-7.37,-5.24
0.49,0.03,0.11,-12.38,-5.14,-2.50|0.10,-0.19,0.96,-7.82,9.98,-5.22|0.17,0.13,0.43,-6.47,-7.66,-7.30
0.50,0.03,0.12,-16.85,-5.22,-1.62|0.09,-0.21,0.96,-9.79,12.56,-9.53|0.18,0.13,0.43,-7.42,-7.30,-8.91
0.50,0.02,0.11,-18.00,-3.96,-2.93|0.09,-0.21,0.95,-10.28,12.92,-15.31|0.17,0.13,0.43,-8.39,-6.69,-11.06
0.50,0.02,0.11,-15.83,-4.28,-5.09|0.09,-0.20,0.95,-11.05,11.39,-13.68|0.18,0.16,0.44,-9.84,-4.82,-9.28
0.50,0.02,0.10,-15.65,-3.89,-6.12|0.09,-0.19,0.97,-12.54,8.69,-13.25|0.18,0.14,0.43,-10.69,-4.04,-2.53
0.49,0.03,0.10,-14.98,-3.32,-5.87|0.10,-0.13,0.98,-13.24,0.03,10.53|0.18,0.14,0.43,-12.37,-4.18,-3.34
0.50,0.03,0.11,-19.70,-7.22,-4.36|0.09,-0.23,0.96,-11.16,-2.80,32.86|0.18,0.13,0.42,-11.88,-5.66,-8.79
0.50,0.03,0.12,220.81,42.99,0.20|0.10,-0.25,0.94,-9.93,0.90,0.82|0.18,0.13,0.43,-11.23,-6.59,-11.96
0.50,0.03,0.10,-18.20,-4.75,-3.97|0.09,-0.23,0.95,-8.80,7.04,-19.56|0.19,0.15,0.44,-10.64,-5.03,-9.92
0.50,0.02,0.11,-14.79,-5.66,-5.73|0.08,-0.20,0.97,-6.56,7.81,-29.44|0.18,0.15,0.43,-10.11,-4.20,-4.65
0.50,0.02,0.11,-14.60,-3.44,-4.87|0.08,-0.18,0.97,-5.24,6.29,-19.02|0.19,0.14,0.42,-8.96,-4.08,-2.29
0.50,0.02,0.10,-12.40,-3.76,-3.48|0.08,-0.18,0.96,-4.93,6.08,-11.12|0.18,0.14,0.43,-8.63,-5.59,-4.58
0.50,0.03,0.11,-10.95,-3.77,-2.71|0.08,-0.18,0.96,-5.07,8.56,-5.92|0.18,0.14,0.42,-9.24,-5.98,-4.28
0.50,0.02,0.10,-9.92,-4.02,-2.70|0.08,-0.19,0.96,-3.65,10.23,-0.02|0.18,0.14,0.42,-8.64,-5.82,-3.38
0.50,0.02,0.10,-8.50,-1.34,-1.75|0.09,-0.21,0.96,-1.79,9.21,4.89|0.18,0.13,0.44,-7.64,-4.97,-3.47
0.50,0.02,0.10,-6.69,-1.84,-0.86|0.10,-0.21,0.96,-1.17,9.21,-0.09|0.18,0.15,0.43,-5.27,-3.11,-2.18
0.50,0.02,0.10,-3.84,-0.15,-0.90|0.10,-0.21,0.96,-1.60,9.25,-3.24|0.17,0.15,0.43,-3.66,-1.89,2.23
0.50,0.02,0.09,-4.07,-1.30,-0.15|0.10,-0.21,0.97,-1.97,9.40,-7.63|0.17,0.14,0.43,-3.27,-2.03,0.54
0.50,0.02,0.10,-4.98,-1.75,0.48|0.10,-0.21,0.97,-1.44,8.56,-9.57|0.18,0.14,0.44,-2.30,-1.97,1.29
0.51,0.01,0.10,-4.95,-3.10,1.51|0.10,-0.21,0.96,-0.96,7.43,-11.45|0.18,0.13,0.44,0.21,-1.65,0.15
0.50,0.01,0.10,-3.08,-0.29,1.44|0.10,-0.20,0.97,-0.73,5.27,-13.44|0.17,0.14,0.44,1.33,-1.07,0.66
0.50,0.02,0.09,-2.00,-1.24,1.92|0.10,-0.18,0.97,-1.66,2.11,-7.69|0.17,0.14,0.43,0.61,-0.21,2.88
0.50,0.02,0.10,-1.13,-1.84,1.05|0.09,-0.18,0.97,-2.82,-1.16,1.14|0.17,0.14,0.43,-1.66,0.64,5.00
0.50,0.02,0.10,-0.44,-1.48,1.13|0.09,-0.20,0.96,-3.10,-2.49,4.20|0.18,0.13,0.44,-3.06,1.59,5.06
0.50,0.02,0.10,0.54,-0.43,0.32|0.09,-0.19,0.96,-3.32,-2.93,3.53|0.18,0.14,0.44,-2.73,1.40,7.54
0.50,0.03,0.10,0.20,-1.40,0.31|0.09,-0.20,0.96,-2.30,-2.48,5.20|0.18,0.12,0.44,-1.75,0.21,5.89
0.50,0.02,0.11,-0.77,-1.31,-0.08|0.09,-0.20,0.96,-1.19,-1.11,3.05|0.18,0.13,0.44,-0.98,-0.78,3.94
0.50,0.02,0.10,-2.44,-0.88,0.34|0.09,-0.20,0.96,-0.28,0.34,2.47|0.18,0.13,0.44,-1.74,-2.07,3.48
0.50,0.02,0.10,-3.17,-0.95,0.48|0.09,-0.20,0.96,0.27,1.93,0.69|0.18,0.13,0.44,-3.05,-2.46,1.63
0.50,0.02,0.09,-3.54,-0.78,0.08|0.09,-0.20,0.96,-0.40,2.41,1.85|0.17,0.13,0.44,-3.01,-2.57,2.11
0.50,0.02,0.10,-4.02,-0.65,-0.02|0.09,-0.21,0.96,-1.39,3.35,-1.37|0.17,0.13,0.44,-3.19,-1.85,0.90
0.50,0.02,0.10,-4.01,-0.40,-0.70|0.09,-0.19,0.96,-3.11,2.80,-1.44|0.17,0.13,0.44,-3.40,-1.53,2.65
0.50,0.02,0.10,-4.00,-1.22,-1.27|0.09,-0.19,0.96,-4.00,1.56,2.10|0.17,0.13,0.44,-3.44,-1.40,2.50
0.50,0.02,0.10,-3.43,-0.99,-0.95|0.09,-0.21,0.96,-6.11,2.76,0.98|0.18,0.13,0.43,-3.29,-1.37,2.13
0.50,0.03,0.10,-4.05,-0.51,0.16|0.10,-0.20,0.97,-5.48,1.15,1.85|0.18,0.13,0.43,-3.34,-1.31,1.44
0.50,0.03,0.10,-4.64,-0.98,-0.16|0.09,-0.21,0.96,-4.31,2.42,-0.75|0.18,0.13,0.44,-3.50,-1.06,-0.87
0.51,0.02,0.11,-7.34,-0.76,0.34|0.09,-0.20,0.96,-1.14,1.79,-6.44|0.18,0.12,0.44,-2.76,-1.97,-4.37
0.50,0.01,0.11,-4.79,0.46,-1.39|0.09,-0.19,0.96,-0.72,-0.10,-1.25|0.18,0.14,0.44,-3.35,-1.31,-1.73
0.50,0.01,0.10,-2.85,0.02,-1.71|0.10,-0.19,0.97,-6.19,-0.73,6.47|0.17,0.14,0.43,-6.01,0.61,3.05
0.50,0.01,0.11,-3.27,-1.05,-0.15|0.09,-0.21,0.96,-8.29,1.60,6.27|0.18,0.13,0.43,-8.33,0.67,5.11
0.50,0.01,0.11,-1.57,-0.44,0.83|0.09,-0.21,0.96,-9.30,1.90,-1.34|0.18,0.14,0.43,-8.11,-0.39,3.94
0.50,0.02,0.11,-0.68,-0.52,1.82|0.10,-0.20,0.96,-7.53,1.68,-1.01|0.18,0.14,0.43,-6.12,-1.71,2.47
0.50,0.01,0.11,1.50,0.57,2.66|0.09,-0.20,0.96,-5.03,0.30,-1.10|0.18,0.14,0.43,-4.08,-2.24,0.64
0.50,0.02,0.12,0.97,0.54,2.58|0.10,-0.21,0.97,-3.15,-1.34,-2.95|0.17,0.13,0.45,-2.34,-3.22,-0.76
0.50,0.02,0.12,2.13,3.95,2.48|0.10,-0.19,0.96,-1.71,-1.11,-1.15|0.17,0.13,0.44,-1.53,-3.16,-10.26
0.50,0.03,0.12,-3.74,6.76,1.44|0.10,-0.21,0.96,-2.55,-1.50,-0.89|0.17,0.16,0.42,0.24,-2.92,-2.86
0.50,0.01,0.12,-3.43,4.58,3.87|0.10,-0.20,0.95,-2.28,-2.09,-0.82|0.17,0.14,0.43,0.76,-2.45,2.04
0.49,0.01,0.12,-4.72,4.11,3.68|0.10,-0.21,0.96,-2.01,-2.85,-0.76|0.17,0.14,0.44,-0.02,-2.82,-1.43
0.50,0.00,0.12,-2.07,-1.95,1.83|0.11,-0.21,0.95,-2.34,-1.79,-0.70|0.17,0.15,0.44,0.78,-2.12,1.50
0.50,0.01,0.12,-2.87,-1.85,2.24|0.11,-0.21,0.95,-3.36,-2.94,-3.66|0.17,0.15,0.43,-0.27,-1.56,1.70
0.50,0.01,0.13,-1.14,1.62,1.11|0.10,-0.21,0.95,-5.02,-0.03,-0.89|0.17,0.12,0.43,1.67,1.60,2.95
0.49,0.01,0.12,-1.82,-0.15,1.05|0.10,-0.20,0.95,-5.18,-1.94,0.83|0.17,0.17,0.43,0.08,1.02,7.38
0.49,0.01,0.12,-0.82,-1.63,0.92|0.10,-0.20,0.95,-5.15,-1.11,4.60|0.18,0.11,0.43,-0.97,-0.48,4.60
0.50,0.01,0.13,-1.26,-2.71,0.93|0.11,-0.20,0.95,-5.23,0.51,5.46|0.18,0.16,0.44,-1.57,-1.73,4.08
0.50,0.01,0.14,-3.18,-3.68,1.64|0.11,-0.21,0.96,-5.05,2.94,3.47|0.18,0.14,0.43,-1.95,-2.61,4.73
0.50,0.00,0.13,-3.12,-5.37,2.70|0.12,-0.22,0.96,-5.14,4.52,1.18|0.17,0.14,0.43,-2.12,-3.95,-2.37
0.51,-0.00,0.14,-9.15,-3.94,3.17|0.12,-0.23,0.97,-3.53,6.18,-5.22|0.17,0.14,0.42,-2.97,-8.72,-4.99
0.49,0.01,0.12,-11.48,2.03,4.22|0.13,-0.22,0.94,-6.10,7.50,-8.13|0.17,0.14,0.43,-2.27,-9.08,-11.21
0.49,0.01,0.12,-8.36,0.24,2.62|0.12,-0.22,0.94,-8.31,6.47,-20.11|0.17,0.17,0.43,-0.93,-6.62,-8.44
0.50,0.01,0.12,-5.89,0.50,0.46|0.11,-0.20,0.95,-5.82,1.28,-15.15|0.17,0.15,0.43,-0.21,-2.80,-0.27
0.49,0.00,0.12,-4.73,3.43,-0.24|0.09,-0.21,0.96,-1.50,-9.72,-5.41|0.18,0.16,0.43,2.17,0.48,0.63
0.49,0.00,0.13,-4.47,0.66,-0.95|0.11,-0.20,0.93,-3.05,-4.68,-9.47|0.17,0.17,0.44,-1.15,1.12,7.19
0.49,0.00,0.13,-3.73,1.99,-1.18|0.13,-0.20,0.95,-2.47,-3.62,4.08|0.18,0.15,0.43,-1.00,0.45,4.44
0.50,0.00,0.13,-3.73,1.29,-1.88|0.11,-0.21,0.94,-3.47,-1.07,10.40|0.18,0.18,0.43,-4.23,-0.26,-0.91
0.49,0.00,0.14,-4.09,-0.70,-2.13|0.11,-0.21,0.94,-4.02,2.68,5.25|0.18,0.15,0.43,-6.34,-2.05,2.53
0.49,-0.00,0.13,-3.08,-1.36,-2.64|0.11,-0.20,0.95,-4.79,5.68,2.30|0.18,0.15,0.43,-6.43,-2.24,2.65
0.49,0.00,0.14,-3.24,-2.73,-4.15|0.10,-0.09,0.97,-0.42,-9.34,58.02|0.18,0.16,0.44,-8.89,-3.83,1.35
0.50,0.01,0.13,-6.07,-3.92,-4.76|0.11,-0.26,0.93,2.26,-6.92,66.53|0.18,0.16,0.44,-9.92,-5.05,1.89
0.50,0.01,0.12,-5.48,-3.35,-5.08|0.11,-0.26,0.94,4.01,-1.41,27.18|0.18,0.16,0.42,-10.10,-5.63,3.65
0.50,0.00,0.13,-5.81,-3.57,-4.66|0.12,-0.19,0.96,8.16,-7.51,50.08|0.18,0.15,0.43,-8.29,-7.38,0.25
0.50,0.01,0.13,-6.79,-2.18,-3.60|0.12,-0.27,0.94,5.69,-1.31,12.40|0.17,0.15,0.43,-6.19,-7.44,0.94
0.50,0.01,0.12,-5.89,-1.27,-3.63|0.12,-0.24,0.96,-3.40,0.92,1.98|0.17,0.15,0.43,-5.63,-6.21,-0.31
0.50,0.00,0.13,-6.18,-0.44,-2.46|0.11,-0.26,0.94,-6.24,6.29,-10.04|0.17,0.15,0.42,-5.63,-3.70,1.45
0.49,0.01,0.12,-5.07,-1.82,-3.83|0.10,-0.20,0.96,-5.69,1.04,-9.86|0.17,0.16,0.43,-6.00,-3.85,0.63
0.50,0.01,0.13,-6.67,-0.43,-3.16|0.09,-0.21,0.95,-0.11,3.66,5.21|0.17,0.14,0.43,-5.86,-2.67,-0.85
0.50,0.01,0.13,-6.82,-1.08,-4.15|0.10,-0.23,0.96,1.04,4.28,-9.08|0.17,0.15,0.43,-5.10,-1.14,-3.35
0.50,0.02,0.12,-7.72,-0.89,-3.95|0.10,-0.20,0.95,1.98,8.29,-10.05|0.18,0.15,0.43,-3.24,-1.61,1.69
0.50,0.01,0.12,-8.08,-0.79,-3.35|0.10,-0.21,0.96,1.15,9.47,-8.58|0.19,0.15,0.43,-2.32,-0.98,-1.68
0.50,0.01,0.13,-7.77,-0.64,-3.38|0.10,-0.21,0.95,-0.38,10.23,-9.42|0.18,0.14,0.43,-3.87,-2.58,-1.08
0.50,0.01,0.12,-8.50,-0.19,-2.82|0.10,-0.14,0.98,-0.82,1.27,10.95|0.18,0.15,0.43,-4.03,-3.23,-1.41
0.50,0.01,0.13,-7.50,-0.21,-3.52|0.09,-0.24,0.95,-0.08,2.94,28.13|0.19,0.15,0.43,-4.31,-4.48,-1.61
0.50,0.01,0.13,-6.21,1.27,-3.80|0.10,-0.23,0.95,-3.65,2.52,5.30|0.18,0.15,0.42,-4.91,-4.59,0.74
0.50,0.01,0.13,-5.45,0.54,-3.41|0.10,-0.22,0.95,-6.63,8.19,-7.65|0.18,0.15,0.43,-5.73,-3.86,-1.07
0.50,0.01,0.13,-5.93,-0.92,-3.02|0.10,-0.19,0.96,-7.27,4.92,-1.20|0.18,0.15,0.43,-5.62,-4.49,3.75
0.50,0.01,0.13,-4.78,1.32,-2.50|0.09,-0.22,0.96,-5.23,3.92,-8.00|0.18,0.15,0.43,-4.98,-4.66,2.22
0.49,0.02,0.12,-4.83,0.19,-2.07|0.11,-0.23,0.97,-7.15,1.72,-18.53|0.18,0.16,0.43,-4.03,-2.95,-1.18
0.50,0.02,0.14,-4.11,-1.37,-2.11|0.10,-0.20,0.96,-4.60,3.25,13.73|0.18,0.15,0.44,-2.60,-4.43,8.76
0.49,0.01,0.14,-4.69,0.14,-1.98|0.08,-0.21,0.96,-5.69,4.01,-5.54|0.17,0.16,0.42,-2.50,-0.69,-3.37
0.49,0.02,0.13,-4.13,-1.01,-1.63|0.09,-0.21,0.95,0.94,-0.11,1.60|0.18,0.15,0.42,-1.24,-1.73,3.35
0.50,0.02,0.14,-4.21,-0.25,-1.49|0.11,-0.17,0.96,-3.41,0.63,-4.28|0.19,0.11,0.42,-0.03,-3.69,6.45
0.50,0.01,0.14,-3.65,-1.44,-1.48|0.08,-0.24,0.95,-1.02,3.71,9.90|0.17,0.18,0.44,-0.77,0.93,-2.85
0.49,0.02,0.14,-3.84,-0.74,-1.34|0.09,-0.24,0.94,1.52,0.82,-3.93|0.18,0.16,0.42,-4.11,-0.39,8.34
0.50,0.02,0.14,-3.81,-0.98,-1.13|0.10,-0.15,0.95,-0.79,1.98,2.95|0.18,0.10,0.42,-5.63,0.56,-4.37
0.49,0.02,0.13,-3.34,-1.27,-1.31|0.09,-0.25,0.96,-1.73,4.69,9.15|0.18,0.18,0.43,-2.53,-0.39,5.40
0.49,0.02,0.13,-3.20,-1.53,-1.05|0.10,-0.24,0.96,-0.10,3.02,-14.13|0.19,0.15,0.43,-4.05,-1.42,10.24
0.49,0.02,0.14,-3.50,-2.57,-0.91|0.10,-0.16,0.96,-1.31,3.03,9.34|0.18,0.15,0.43,-4.19,-0.25,-2.69
0.49,0.02,0.13,-2.93,-0.97,-1.18|0.09,-0.24,0.95,-3.39,3.10,5.72|0.17,0.16,0.43,-2.81,-1.30,9.40
0.50,0.02,0.14,-3.80,-2.53,-0.73|0.10,-0.20,0.96,-3.69,2.15,-8.58|0.18,0.13,0.43,-5.08,-2.00,3.75
0.49,0.02,0.13,-3.41,-3.13,-1.36|0.10,-0.21,0.96,-2.77,3.15,8.08|0.17,0.16,0.43,-5.73,-2.28,-2.13
0.50,0.02,0.13,-4.11,-2.03,-1.30|0.09,-0.21,0.95,-3.76,2.60,-2.85|0.18,0.15,0.43,-4.33,-1.53,5.37
0.49,0.02,0.13,-3.62,-1.56,-1.23|0.09,-0.20,0.95,-3.17,1.79,-3.10|0.18,0.14,0.43,-3.07,-1.62,2.19
0.50,0.01,0.13,-3.92,-2.46,-1.24|0.10,-0.20,0.96,-4.39,2.05,5.82|0.18,0.15,0.43,-2.30,-1.71,2.51
0.49,0.02,0.13,-3.83,-1.83,-1.03|0.09,-0.22,0.95,-3.93,2.53,1.52|0.17,0.15,0.43,-2.89,-1.75,2.47
0.49,0.02,0.14,-4.19,-1.58,-1.11|0.09,-0.21,0.96,-2.96,2.60,0.24|0.18,0.14,0.43,-3.73,-1.94,2.30
0.50,0.02,0.13,-5.24,-1.36,-0.68|0.09,-0.21,0.95,-2.61,3.18,0.74|0.18,0.15,0.43,-3.66,-1.81,1.24
0.49,0.02,0.13,-4.68,-2.11,-0.93|0.09,-0.21,0.95,-3.02,3.57,-3.27|0.18,0.15,0.44,-3.03,-2.51,1.90
0.50,0.01,0.14,-2.83,-1.44,-4.34|0.09,-0.20,0.95,-2.95,3.41,0.48|0.18,0.16,0.44,-2.06,-3.61,0.15
0.50,0.02,0.14,-4.51,-2.54,-3.66|0.10,-0.22,0.98,-1.86,4.12,1.71|0.18,0.14,0.41,0.21,-6.04,5.11
0.50,0.02,0.13,-7.46,-0.88,-0.91|0.10,-0.21,0.96,-3.69,3.22,-1.70|0.18,0.15,0.42,-2.37,-6.22,-0.07
0.50,0.02,0.13,-5.93,-0.55,-1.15|0.09,-0.21,0.96,-5.53,2.31,-7.40|0.18,0.13,0.42,-2.51,-3.65,-6.58
0.49,0.02,0.14,-4.09,-0.62,-0.92|0.08,-0.21,0.96,-3.51,2.15,-2.74|0.18,0.18,0.42,-1.02,-3.30,8.50
0.50,0.01,0.14,-4.02,-2.19,-0.98|0.10,-0.21,0.96,-2.27,-1.22,-0.83|0.18,0.15,0.42,-3.85,1.85,2.93
0.50,0.02,0.14,-4.67,-0.95,-0.21|0.10,-0.20,0.96,-1.85,-0.60,1.60|0.18,0.12,0.41,-5.07,1.94,-0.82
0.49,0.02,0.13,-3.78,-1.58,-0.31|0.09,-0.21,0.96,-2.95,1.19,3.13|0.17,0.17,0.43,-4.50,1.51,4.01
0.50,0.02,0.14,-3.27,-1.32,0.07|0.09,-0.20,0.96,-3.43,2.75,-2.37|0.19,0.16,0.43,-5.04,1.09,9.13
0.49,0.02,0.14,-4.11,-2.34,-0.38|0.09,-0.20,0.95,-1.93,2.77,3.21|0.18,0.14,0.43,-3.81,2.85,-3.17
0.49,0.02,0.13,-4.80,-2.46,-0.93|0.09,-0.21,0.95,-1.93,3.21,1.49|0.18,0.17,0.43,-2.69,0.48,9.73
0.50,0.02,0.14,-4.77,-2.16,-0.95|0.10,-0.21,0.96,-0.89,3.64,0.29|0.19,0.12,0.42,-3.95,-1.12,3.78
0.49,0.01,0.14,-4.53,-2.42,-1.37|0.10,-0.21,0.95,-0.92,4.07,0.42|0.18,0.17,0.44,-3.47,-1.50,-2.43
0.50,0.02,0.14,-4.84,-2.56,-1.11|0.10,-0.21,0.96,-1.41,4.39,-1.58|0.18,0.15,0.43,-4.02,-3.14,7.35
0.50,0.01,0.13,-5.12,-2.58,-1.40|0.10,-0.21,0.96,-1.32,3.22,-3.81|0.17,0.14,0.43,-4.10,-1.72,-2.81
0.49,-0.00,-0.00,-0.01,-0.01,-0.01|0.10,-0.20,0.95,-1.53,1.63,1.08|0.17,0.16,0.43,-3.86,-3.90,4.56
0.49,0.01,0.13,-4.45,-1.67,-1.05|0.10,-0.18,0.96,-5.25,2.55,-5.05|0.18,0.14,0.43,-5.33,-4.06,0.60
0.49,0.01,0.14,-3.90,-2.73,-0.60|0.09,-0.23,0.96,-3.86,4.35,-3.29|0.17,0.16,0.43,-4.44,-2.02,-0.07
0.49,0.01,0.13,-2.50,-2.89,-1.14|0.09,-0.19,0.96,-3.55,3.98,-2.34|0.17,0.16,0.43,-4.77,-1.89,6.09
0.49,0.02,0.13,-3.22,-2.12,-0.94|0.10,-0.22,0.96,-2.18,1.39,-3.27|0.18,0.15,0.42,-5.44,-1.73,2.34
0.50,0.01,0.13,-2.07,-0.82,-0.92|0.11,-0.18,0.97,-4.18,2.21,0.87|0.17,0.14,0.43,-5.20,-1.11,0.91
0.49,0.01,0.13,-2.31,-2.56,-0.15|0.09,-0.22,0.96,-3.76,3.98,-2.92|0.18,0.16,0.43,-1.24,-0.59,5.90
0.49,0.01,0.13,-2.30,-1.69,-0.73|0.11,-0.19,0.96,-2.92,2.96,-10.47|0.18,0.14,0.43,-2.94,-2.03,3.80
0.50,0.01,0.13,-1.99,-1.49,-0.82|0.10,-0.20,0.96,-1.26,2.39,5.08|0.17,0.17,0.43,-2.16,-1.00,-0.69
0.49,0.01,0.14,-2.47,-1.21,-0.71|0.11,-0.20,0.95,-1.79,4.57,5.08|0.18,0.15,0.43,-1.16,-1.34,6.30
0.49,0.02,0.14,-1.56,-0.54,-1.23|0.11,-0.23,0.96,-1.67,0.22,-1.70|0.19,0.14,0.43,-2.69,-3.21,5.44
0.49,0.01,0.13,-2.57,-2.05,-1.44|0.10,-0.19,0.96,-0.87,2.37,0.05|0.18,0.16,0.44,-1.62,-0.69,-1.55
0.50,0.02,0.13,-3.61,-3.51,-0.95|0.10,-0.22,0.96,-1.83,3.15,-1.48|0.18,0.16,0.44,-2.12,-2.66,8.72
0.50,0.01,0.14,-3.10,0.24,-1.67|0.11,-0.20,0.95,-3.08,1.86,-2.19|0.18,0.13,0.43,-4.54,-2.49,-0.43
0.50,0.01,0.14,-3.05,-0.73,-0.91|0.10,-0.21,0.96,-2.65,-0.20,3.70|0.17,0.17,0.43,-2.96,-2.73,3.62
0.49,0.02,0.14,-2.78,0.53,-1.63|0.10,-0.21,0.96,-4.27,2.52,-3.62|0.18,0.13,0.43,-4.11,-2.89,4.50
0.49,0.01,0.13,-2.31,-1.21,-1.66|0.10,-0.20,0.95,-5.54,4.24,-4.66|0.18,0.17,0.42,-3.74,-4.73,-0.80
0.50,0.01,0.14,-3.15,-2.56,-1.29|0.10,-0.20,0.96,-6.08,2.33,1.48|0.18,0.13,0.43,-5.22,-5.56,7.60
0.49,0.02,0.14,-3.53,-0.63,-1.59|0.09,-0.20,0.95,-4.49,2.68,3.81|0.17,0.17,0.43,-2.54,-1.76,-2.30
0.49,0.02,0.14,-4.15,-2.89,-1.82|0.10,-0.23,0.96,-3.32,2.02,-7.81|0.18,0.14,0.42,-4.56,-2.08,6.88
0.50,0.01,0.14,-2.76,-0.35,-1.65|0.10,-0.17,0.96,-3.88,4.69,7.90|0.18,0.13,0.43,-3.39,-1.47,-2.97
0.49,0.02,0.14,-3.60,-2.38,-1.38|0.09,-0.22,0.96,-4.42,4.79,-4.63|0.17,0.17,0.43,-2.92,-2.21,5.10
0.49,0.02,0.13,-3.54,-1.96,-1.43|0.10,-0.20,0.96,-2.40,3.96,2.55|0.18,0.14,0.43,-4.37,-2.97,3.36
0.49,0.02,0.14,-4.10,-2.54,-1.64|0.11,-0.21,0.96,-3.05,3.00,1.10|0.19,0.16,0.43,-3.79,-3.27,1.00
0.49,0.02,0.14,-3.80,-2.08,-1.32|0.10,-0.22,0.96,-2.73,2.23,-2.68|0.18,0.14,0.42,-3.78,-1.74,2.95
0.49,0.02,0.13,-3.49,-2.68,-1.04|0.10,-0.18,0.96,-1.75,0.79,-2.76|0.18,0.15,0.43,-4.06,-4.16,5.24
0.49,0.02,0.14,-4.20,-2.92,-0.75|0.10,-0.21,0.96,-3.79,2.41,2.33|0.17,0.14,0.42,-4.74,-2.10,-0.24
0.49,0.02,0.13,-5.76,-2.73,-1.27|0.09,-0.20,0.95,-2.15,1.73,-2.47|0.18,0.15,0.43,-4.87,-2.24,0.40
0.50,0.02,0.14,-5.64,-1.90,-1.24|0.10,-0.20,0.95,-1.89,3.27,6.10|0.18,0.14,0.43,-5.08,-0.73,1.21
0.49,0.02,0.13,-5.23,-2.26,-1.73|0.09,-0.21,0.96,-2.15,3.27,-0.08|0.19,0.16,0.42,-4.19,-0.27,1.74
0.50,0.02,0.14,-5.16,-2.15,-2.22|0.09,-0.20,0.96,-1.47,2.69,2.71|0.18,0.14,0.43,-5.71,0.92,-0.79
0.49,0.02,0.13,-5.44,-3.31,-2.18|0.09,-0.20,0.96,-1.24,3.08,2.60|0.19,0.15,0.43,-5.27,-0.90,3.92
0.50,0.02,0.14,-5.97,-4.24,-1.76|0.09,-0.21,0.96,-1.55,2.66,4.97|0.19,0.15,0.43,-5.38,-1.80,1.20
0.50,0.02,0.13,-4.76,-2.27,-1.62|0.10,-0.21,0.96,-4.19,0.99,3.89|0.18,0.15,0.43,-5.46,-3.00,0.65
0.50,0.01,0.13,-3.94,-2.47,-1.71|0.10,-0.21,0.96,-4.17,4.44,1.82|0.18,0.15,0.43,-6.04,-3.84,2.04
0.50,0.02,0.13,-5.58,-3.18,-0.92|0.10,-0.20,0.96,-4.20,4.04,1.38|0.19,0.15,0.42,-5.52,-4.03,2.13
0.50,0.02,0.13,-5.21,-2.69,-0.69|0.09,-0.20,0.96,-3.63,3.94,3.18|0.18,0.15,0.43,-4.56,-3.34,0.18
0.49,0.02,0.13,-3.42,-0.87,-1.12|0.10,-0.21,0.96,-2.85,3.31,1.56|0.17,0.15,0.42,-3.02,-2.66,2.02
0.49,0.02,0.13,-4.95,-2.11,-0.60|0.10,-0.22,0.95,-1.72,-0.92,2.34|0.18,0.13,0.43,-1.95,-1.69,3.22
0.50,0.02,0.13,-5.13,-1.81,-0.99|0.10,-0.18,0.96,-4.76,0.25,0.75|0.18,0.16,0.43,-2.37,0.40,-0.42
0.50,0.02,0.12,-3.67,0.86,-0.95|0.08,-0.23,0.95,-2.62,1.04,2.26|0.18,0.14,0.43,-1.81,0.16,3.32
0.49,0.02,0.13,-5.46,-1.63,-0.85|0.09,-0.19,0.96,-1.64,0.08,-1.53|0.19,0.14,0.43,-2.68,-0.73,-0.21
0.49,0.02,0.12,-4.92,-2.11,-1.07|0.09,-0.20,0.95,-2.72,0.44,3.41|0.18,0.15,0.43,-1.85,-0.48,0.46
0.50,0.02,0.13,-4.93,-1.15,-1.31|0.09,-0.20,0.96,-2.23,1.41,1.76|0.18,0.15,0.43,-4.88,-1.43,1.91
0.50,0.02,0.13,-4.52,-0.54,-1.36|0.09,-0.20,0.96,-1.98,3.51,-0.79|0.18,0.14,0.43,-5.66,-2.13,-0.33
0.49,0.02,0.13,-5.30,-1.56,-1.30|0.10,-0.20,0.96,-2.17,2.23,1.33|0.18,0.15,0.43,-5.56,-2.76,1.05
0.50,0.02,0.13,-4.25,-0.61,-1.44|0.10,-0.20,0.96,-3.50,3.52,2.37|0.18,0.15,0.44,-5.49,-3.22,-0.08
0.50,0.02,0.13,-4.60,-2.20,-1.66|0.09,-0.21,0.96,-3.31,3.85,-0.42|0.18,0.15,0.43,-5.76,-2.67,1.82
0.50,0.02,0.13,-5.53,-1.69,-1.32|0.10,-0.20,0.95,-3.10,4.24,-0.65|0.18,0.15,0.43,-5.21,-2.27,0.24
0.50,0.02,0.14,-5.85,-1.88,-1.73|0.10,-0.21,0.96,-2.96,3.27,0.82|0.17,0.15,0.43,-4.21,-2.28,0.32
0.50,0.02,0.13,-6.46,-1.72,-1.98|0.10,-0.20,0.96,-2.63,3.39,-0.87|0.17,0.15,0.43,-3.47,-2.29,-0.44
0.50,0.02,0.14,-6.47,-1.18,-2.05|0.10,-0.21,0.95,-2.50,3.35,-2.27|0.18,0.15,0.44,-3.50,-1.99,-1.84
0.49,0.01,0.13,-6.96,-1.24,-2.15|0.10,-0.20,0.96,-2.83,3.45,-2.98|0.18,0.15,0.43,-3.60,-2.47,-0.15
0.49,0.02,0.12,-5.67,-0.34,-1.99|0.10,-0.21,0.96,-3.63,2.89,-3.20|0.18,0.15,0.43,-4.10,-3.10,-1.82
0.49,0.02,0.13,-6.03,-1.75,-1.63|0.10,-0.20,0.97,-4.50,2.70,-3.04|0.18,0.15,0.43,-4.44,-2.91,0.39
0.50,0.02,0.13,-5.56,-1.94,-2.24|0.09,-0.20,0.96,-4.73,2.79,-2.81|0.18,0.15,0.44,-5.40,-3.08,0.04
0.49,0.02,0.14,-5.87,-0.76,-1.74|0.09,-0.20,0.96,-4.76,2.82,-2.23|0.18,0.14,0.43,-5.57,-3.52,1.02
0.49,0.02,0.13,-4.75,0.90,-1.82|0.09,-0.20,0.96,-4.02,2.63,-2.09|0.18,0.15,0.43,-4.61,-3.04,0.21
0.49,0.02,0.13,-5.19,-1.08,-1.33|0.09,-0.20,0.96,-3.92,3.19,-0.46|0.18,0.15,0.43,-4.03,-3.82,1.12
0.49,0.01,0.13,-4.18,-1.00,-1.76|0.10,-0.20,0.96,-4.34,3.58,-1.51|0.18,0.15,0.43,-3.42,-3.34,-0.11
0.50,0.02,0.13,-3.41,-0.53,-1.47|0.09,-0.20,0.96,-4.44,3.67,-0.02|0.18,0.15,0.43,-3.23,-2.77,3.18
0.49,0.02,0.13,-3.45,-1.27,-1.21|0.09,-0.20,0.96,-4.08,2.80,0.44|0.18,0.15,0.42,-2.68,-2.46,1.73
0.49,0.02,0.13,-2.67,-0.87,-1.30|0.10,-0.20,0.96,-3.24,1.81,2.48|0.18,0.16,0.43,-2.16,-2.13,3.52
0.49,0.02,0.13,-2.19,-1.58,-1.39|0.09,-0.20,0.96,-2.98,1.57,1.98|0.18,0.15,0.43,-2.01,-2.26,2.76
0.49,0.02,0.13,-4.15,-2.09,-1.00|0.10,-0.20,0.96,-2.73,1.60,2.11|0.18,0.15,0.43,-2.24,-2.27,3.81
0.49,0.02,0.12,-5.46,-6.56,0.01|0.10,-0.20,0.95,-2.26,1.76,3.60|0.18,0.14,0.43,-1.67,-3.63,-0.25
0.49,0.02,0.13,-2.79,0.06,-0.81|0.09,-0.21,0.96,-1.53,2.16,1.63|0.18,0.15,0.43,-2.24,-4.57,0.18
0.50,0.02,0.13,-4.66,-1.67,-1.24|0.09,-0.20,0.96,-1.38,1.34,2.15|0.18,0.15,0.43,-3.31,-3.60,2.39
0.49,0.02,0.13,-2.77,-2.82,-2.18|0.10,-0.21,0.96,-1.73,1.67,6.36|0.18,0.15,0.43,-4.10,-2.39,1.06
0.49,0.02,0.14,-4.01,-4.46,-1.15|0.10,-0.21,0.96,-2.20,2.98,1.60|0.18,0.15,0.43,-4.96,-2.24,4.33
0.49,0.01,0.13,-3.29,-0.93,-1.19|0.10,-0.20,0.96,-2.56,3.56,1.21|0.18,0.15,0.43,-6.28,-2.33,2.08
0.50,0.02,0.13,-4.72,-2.71,-0.98|0.10,-0.21,0.96,-3.43,3.88,3.96|0.18,0.15,0.43,-6.11,-2.58,2.41
0.49,0.01,0.13,-2.60,-2.89,-1.50|0.09,-0.20,0.96,-5.31,2.90,-0.16|0.18,0.15,0.42,-4.60,-2.45,1.89
0.50,0.02,0.13,-2.02,-4.42,-1.24|0.10,-0.20,0.96,-5.58,2.37,4.76|0.18,0.15,0.43,-5.50,-1.25,6.23
0.50,0.02,0.13,-2.67,-2.54,-1.85|0.09,-0.21,0.95,-3.56,2.04,1.97|0.18,0.15,0.43,-6.52,-0.14,1.54
0.50,0.02,0.13,-2.35,-2.92,-2.85|0.09,-0.20,0.96,-1.21,1.79,2.82|0.18,0.15,0.43,-4.83,-1.71,6.47
0.49,0.02,0.12,-3.95,-4.25,-3.34|0.09,-0.20,0.96,-0.44,1.97,2.69|0.18,0.14,0.43,-4.02,-2.66,1.60
0.49,0.02,0.12,-6.38,-3.94,-3.50|0.09,-0.21,0.96,0.35,3.65,1.79|0.18,0.14,0.43,-3.20,-4.03,1.90
0.49,0.03,0.12,-6.48,-5.11,-5.02|0.09,-0.19,0.95,-0.37,3.79,0.51|0.18,0.14,0.44,-3.77,-4.31,3.74
0.49,0.03,0.12,-5.50,-7.23,-6.88|0.08,-0.19,0.95,-0.50,4.56,3.53|0.18,0.14,0.44,-5.39,-4.38,4.10
0.50,0.03,0.14,-4.12,-6.60,-8.61|0.08,-0.19,0.95,-0.71,6.70,6.18|0.18,0.14,0.44,-7.24,-5.00,6.87
0.49,0.03,0.13,-3.99,-6.51,-10.52|0.08,-0.20,0.96,0.02,9.85,4.94|0.19,0.14,0.43,-9.91,-6.47,4.43
0.49,0.03,0.12,-4.18,-5.94,-10.41|0.08,-0.20,0.96,0.03,11.97,2.13|0.19,0.13,0.43,-12.15,-8.12,4.08
0.50,0.04,0.12,-4.61,-2.80,-10.07|0.08,-0.20,0.97,0.25,11.85,2.75|0.19,0.14,0.43,-12.78,-8.33,1.79
0.50,0.05,0.12,-5.15,-5.05,-9.31|0.08,-0.21,0.96,-0.99,10.32,3.05|0.19,0.13,0.42,-10.71,-8.91,3.53
0.50,0.05,0.12,-5.13,-3.36,-9.08|0.08,-0.21,0.97,-2.69,8.67,-0.05|0.19,0.14,0.42,-8.18,-8.28,-0.01
0.50,0.05,0.11,-6.32,-2.37,-7.92|0.08,-0.21,0.97,-3.87,6.77,-1.42|0.19,0.13,0.43,-5.68,-7.71,0.92
0.50,0.05,0.12,-7.15,-1.10,-6.88|0.08,-0.21,0.97,-4.74,4.76,-1.62|0.20,0.13,0.42,-3.76,-6.65,0.18
0.50,0.06,0.12,-7.82,0.35,-5.89|0.07,-0.21,0.97,-5.65,3.19,-2.92|0.20,0.13,0.42,-2.60,-5.73,-1.95
0.50,0.06,0.12,-8.37,-0.74,-5.10|0.07,-0.21,0.97,-5.92,2.15,-3.42|0.20,0.13,0.43,-1.18,-4.69,-1.37
0.49,0.06,0.12,-8.33,-0.54,-4.49|0.07,-0.20,0.96,-6.54,1.53,-4.84|0.20,0.13,0.42,-0.33,-3.53,-2.35
0.50,0.06,0.12,-8.53,-1.47,-3.71|0.07,-0.20,0.97,-6.60,0.81,-5.26|0.20,0.13,0.42,0.08,-3.25,-1.31
0.50,0.06,0.11,-8.82,1.21,-3.05|0.07,-0.20,0.97,-6.56,0.15,-2.76|0.21,0.13,0.43,-0.63,-3.05,-2.63
0.50,0.06,0.12,-10.45,-1.06,-2.09|0.07,-0.20,0.96,-5.91,1.08,-3.19|0.20,0.12,0.42,-1.80,-3.28,-4.69
0.49,0.06,0.12,-8.34,-1.92,-2.74|0.07,-0.21,0.96,-4.82,2.24,-4.79|0.21,0.14,0.43,-2.86,-3.12,-2.42
0.50,0.06,0.12,-9.37,-2.11,-2.03|0.07,-0.20,0.96,-4.48,2.73,-4.64|0.21,0.12,0.42,-4.25,-3.42,-3.11
0.50,0.06,0.12,-8.56,-0.21,-2.06|0.07,-0.20,0.97,-3.70,2.55,-2.82|0.21,0.14,0.43,-6.21,-3.34,-2.71
0.50,0.06,0.12,-8.63,-1.37,-1.68|0.07,-0.20,0.96,-3.43,3.64,-0.56|0.21,0.13,0.42,-6.69,-3.75,-3.85
0.49,0.06,0.12,-7.58,-1.31,-1.99|0.07,-0.21,0.96,-2.83,4.39,-3.00|0.21,0.14,0.42,-6.89,-3.75,-3.02
0.49,0.06,0.12,-7.97,-1.23,-2.21|0.07,-0.20,0.96,-2.49,4.60,-2.27|0.21,0.14,0.43,-7.19,-3.52,-1.38
0.50,0.07,0.12,-7.63,-0.76,-2.09|0.07,-0.21,0.96,-2.78,4.21,-2.46|0.21,0.14,0.43,-6.43,-3.34,-2.43
0.49,0.06,0.12,-6.29,-0.53,-2.74|0.07,-0.21,0.96,-3.21,3.40,-1.63|0.21,0.14,0.42,-4.89,-3.47,-1.04
0.50,0.06,0.12,-4.94,0.11,-2.83|0.07,-0.21,0.96,-3.30,2.70,-1.29|0.21,0.14,0.42,-4.27,-2.74,-0.35
0.49,0.06,0.12,-5.92,0.24,-2.50|0.07,-0.21,0.97,-3.63,1.58,-1.57|0.21,0.14,0.43,-3.39,-2.98,-0.47
0.49,0.07,0.13,-5.15,-0.44,-2.31|0.07,-0.21,0.96,-4.02,1.60,-0.81|0.21,0.14,0.42,-2.15,-3.02,1.14
0.50,0.07,0.13,-3.71,2.30,-2.64|0.07,-0.21,0.96,-4.43,1.63,-1.12|0.21,0.14,0.42,-1.31,-3.66,0.63
0.49,0.07,0.12,-5.61,-0.08,-2.11|0.07,-0.20,0.97,-4.02,1.74,-2.13|0.21,0.14,0.42,-0.96,-3.89,0.94
0.49,0.07,0.13,-4.21,0.14,-2.02|0.07,-0.21,0.96,-4.24,2.02,0.53|0.21,0.14,0.42,-1.02,-3.35,0.27
0.49,0.07,0.13,-3.98,0.92,-1.56|0.07,-0.21,0.96,-4.82,2.21,-1.51|0.21,0.14,0.42,-1.98,-3.47,1.83
0.49,0.07,0.12,-4.05,1.37,-0.90|0.07,-0.21,0.96,-4.58,2.31,-0.88|0.21,0.13,0.42,-2.58,-2.76,-0.28
0.49,0.06,0.13,-5.89,-1.27,-0.02|0.07,-0.21,0.96,-4.15,2.02,0.71|0.21,0.14,0.42,-2.84,-2.76,1.35
0.49,0.06,0.12,-3.67,0.05,0.34|0.07,-0.21,0.96,-3.60,2.08,-1.30|0.21,0.13,0.42,-3.30,-2.11,0.27
0.49,0.06,0.13,-4.04,-1.71,0.66|0.07,-0.20,0.96,-3.44,2.18,0.02|0.21,0.14,0.42,-4.81,-1.53,0.63
0.49,0.06,0.13,-4.70,-1.69,1.50|0.07,-0.21,0.97,-3.20,1.88,0.08|0.21,0.14,0.42,-5.50,-0.91,0.44
0.49,0.06,0.13,-4.08,-1.95,1.36|0.07,-0.21,0.96,-2.46,0.78,1.29|0.21,0.14,0.42,-5.28,-0.48,1.03
0.49,0.06,0.13,-4.62,-4.04,2.05|0.08,-0.21,0.96,-2.11,-0.13,1.00|0.21,0.14,0.42,-4.50,0.55,0.52
0.50,0.06,0.13,-3.71,-3.35,2.00|0.08,-0.20,0.96,-1.27,-0.90,0.92|0.21,0.15,0.43,-4.11,1.05,2.07
0.49,0.06,0.13,-2.98,-2.19,2.19|0.07,-0.21,0.96,-0.66,-1.81,3.08|0.21,0.14,0.42,-3.43,1.67,2.09
0.50,0.06,0.14,-1.82,-0.50,2.36|0.08,-0.21,0.96,-0.28,-2.52,2.37|0.21,0.14,0.42,-2.89,1.40,1.73
0.49,0.06,0.13,-4.20,-0.50,3.69|0.08,-0.21,0.97,0.15,-2.24,2.39|0.21,0.14,0.42,-1.75,0.66,0.40
0.50,0.06,0.13,-5.69,-0.14,4.82|0.08,-0.21,0.96,-0.24,-0.85,0.74|0.21,0.14,0.42,-0.77,-0.50,-1.65
0.50,0.06,0.13,-6.63,-0.30,4.40|0.08,-0.22,0.96,-0.81,-0.07,-2.74|0.21,0.14,0.43,-0.17,-1.56,-3.65
0.49,0.05,0.13,-7.74,0.69,3.52|0.08,-0.21,0.96,-1.08,-0.04,-3.46|0.20,0.15,0.42,-0.01,-0.50,-2.06
0.50,0.05,0.13,-8.52,-1.62,3.02|0.08,-0.21,0.96,-3.08,-0.31,0.23|0.19,0.15,0.42,-1.31,-0.06,0.22
0.50,0.05,0.13,-7.78,0.00,2.89|0.08,-0.21,0.96,-4.79,-0.50,-1.79|0.19,0.14,0.43,-2.26,0.37,-1.39
0.50,0.04,0.14,-5.93,-0.24,3.17|0.08,-0.20,0.96,-5.76,-0.36,0.82|0.19,0.15,0.43,-2.88,1.46,-1.04
0.50,0.04,0.14,-7.04,-0.35,3.78|0.09,-0.21,0.96,-6.44,-0.01,-0.64|0.19,0.15,0.43,-3.65,1.98,0.21
0.50,0.03,0.14,-4.40,2.79,3.66|0.09,-0.20,0.96,-6.82,0.86,0.84|0.20,0.16,0.43,-4.83,0.85,-0.50
0.49,0.03,0.13,-3.08,4.63,4.21|0.10,-0.20,0.95,-7.56,2.33,-0.18|0.20,0.15,0.42,-5.12,-0.72,-1.69
0.49,0.03,0.13,-4.28,2.06,3.57|0.10,-0.20,0.96,-7.82,2.50,-1.70|0.19,0.16,0.43,-5.02,-2.52,-0.65
0.49,0.03,0.15,-3.63,-1.82,2.63|0.09,-0.20,0.95,-6.19,1.89,1.35|0.19,0.16,0.43,-5.00,-2.78,2.11
0.49,0.03,0.13,-2.98,-1.92,1.11|0.10,-0.21,0.95,-3.93,1.14,3.46|0.19,0.16,0.43,-4.22,-2.17,2.35
0.49,0.02,0.14,-2.18,-1.21,0.31|0.10,-0.20,0.95,-2.60,0.34,1.99|0.19,0.16,0.43,-2.85,-2.08,5.95
0.49,0.03,0.14,-0.37,-0.09,-0.05|0.10,-0.20,0.96,-2.02,0.21,3.66|0.18,0.15,0.43,-1.67,-1.50,3.11
0.49,0.02,0.14,-0.79,-0.63,0.20|0.09,-0.20,0.96,-1.53,-0.08,5.68|0.18,0.16,0.43,-1.50,-1.50,4.90
0.49,0.02,0.14,0.37,-0.97,0.96|0.10,-0.21,0.96,-0.69,0.49,4.77|0.18,0.16,0.43,-1.94,-0.22,5.53
0.49,0.02,0.13,-0.79,-2.28,0.81|0.10,-0.20,0.96,-0.77,0.68,4.82|0.18,0.15,0.42,-1.69,-0.40,7.44
0.49,0.02,0.14,-0.07,-3.45,0.48|0.10,-0.20,0.96,-1.47,0.79,5.89|0.18,0.15,0.43,-1.03,0.10,5.50
0.50,0.03,0.14,-0.13,-3.63,0.02|0.09,-0.21,0.96,-0.59,0.39,5.53|0.18,0.15,0.43,-1.44,0.72,6.66
0.49,0.02,0.14,-0.05,-1.63,0.60|0.10,-0.21,0.96,1.31,0.11,7.08|0.18,0.15,0.43,-2.33,1.60,4.50
0.49,0.01,0.14,1.46,-2.70,1.05|0.10,-0.21,0.96,1.14,0.49,6.60|0.18,0.16,0.43,-3.98,1.29,6.81
0.49,0.01,0.14,3.27,-3.62,1.60|0.11,-0.20,0.95,-1.12,1.72,7.24|0.18,0.16,0.42,-5.72,0.85,7.64
0.50,0.01,0.14,4.08,-2.56,2.65|0.11,-0.21,0.96,-2.90,2.16,7.05|0.18,0.17,0.43,-7.60,-0.12,10.45
0.49,0.01,0.13,4.84,-3.49,2.51|0.11,-0.20,0.96,-4.06,0.62,8.37|0.18,0.16,0.43,-6.84,-0.05,10.17
0.49,0.02,0.13,6.00,-3.34,2.32|0.11,-0.20,0.96,-3.91,-0.34,10.17|0.17,0.15,0.43,-4.84,0.43,10.89
0.49,0.01,0.14,4.91,-3.85,2.59|0.10,-0.20,0.96,-2.59,-1.35,8.50|0.17,0.16,0.43,-1.35,1.68,10.34
0.50,0.01,0.14,5.33,-3.16,1.60|0.10,-0.20,0.96,0.21,-2.03,9.08|0.17,0.16,0.43,0.59,1.90,10.56
0.50,0.01,0.14,4.01,-2.40,1.40|0.11,-0.20,0.95,1.56,-2.27,8.85|0.17,0.15,0.43,1.37,1.79,8.80
0.50,0.01,0.13,3.47,-0.76,1.11|0.11,-0.21,0.96,2.39,-2.66,6.56|0.17,0.15,0.43,2.43,0.90,6.44
0.49,0.01,0.13,0.99,-2.06,1.06|0.10,-0.21,0.96,1.94,-1.80,6.69|0.17,0.14,0.43,3.79,0.27,7.64
0.50,0.01,0.13,0.02,-2.67,1.01|0.10,-0.21,0.96,0.82,-0.84,2.62|0.17,0.14,0.44,3.70,-0.15,5.00
0.50,0.00,0.13,-1.13,-2.56,1.05|0.10,-0.20,0.95,-1.05,0.23,1.82|0.17,0.14,0.43,2.87,-0.34,4.95
0.50,0.01,0.13,-2.49,-1.18,0.15|0.10,-0.20,0.96,-2.62,0.27,1.12|0.17,0.14,0.43,0.28,-0.57,4.62
0.49,0.01,0.13,-2.85,-1.28,-0.38|0.10,-0.20,0.96,-3.79,0.52,2.65|0.17,0.14,0.43,-2.53,-0.76,2.09
0.49,0.01,0.13,-3.75,-1.70,-0.72|0.10,-0.20,0.96,-4.71,1.55,0.49|0.17,0.14,0.43,-4.90,-0.58,1.75
0.50,0.01,0.13,-3.91,-2.14,-1.08|0.10,-0.20,0.96,-4.85,2.21,-0.51|0.17,0.15,0.43,-6.77,-0.93,3.16
0.50,0.01,0.14,-4.93,-2.54,-1.42|0.10,-0.20,0.95,-4.77,2.44,0.85|0.18,0.14,0.43,-7.80,-1.42,0.99
0.50,0.01,0.13,-5.05,-0.79,-1.82|0.10,-0.20,0.96,-3.62,3.15,0.30|0.18,0.15,0.43,-8.36,-2.61,0.31
0.49,0.01,0.13,-5.94,-1.79,-1.70|0.10,-0.20,0.96,-2.73,4.25,-0.27|0.18,0.15,0.43,-7.73,-3.24,-0.44
0.50,0.01,0.13,-6.43,-3.40,-2.18|0.10,-0.20,0.96,-2.12,4.30,-2.53|0.18,0.16,0.43,-7.51,-3.15,-0.57
0.50,0.01,0.13,-7.51,-3.15,-1.95|0.10,-0.20,0.96,-0.92,3.76,-1.47|0.18,0.15,0.43,-6.65,-3.34,-1.31
0.49,0.02,0.13,-7.55,-3.53,-1.68|0.10,-0.20,0.96,-0.53,3.21,-1.45|0.17,0.15,0.43,-5.50,-3.40,-1.12
0.50,0.02,0.13,-7.73,-3.37,-1.21|0.10,-0.21,0.96,-0.96,3.47,-3.70|0.17,0.15,0.43,-4.76,-2.94,-2.90
0.49,0.01,0.14,-6.89,-3.55,-1.21|0.10,-0.20,0.96,-1.52,3.42,-3.75|0.17,0.15,0.43,-4.60,-2.11,-1.45
0.49,0.01,0.13,-7.95,-2.66,-0.85|0.10,-0.20,0.96,-3.24,2.79,-1.61|0.18,0.15,0.43,-4.84,-1.49,-1.51
0.50,0.02,0.13,-8.46,-2.55,-1.06|0.10,-0.21,0.96,-3.38,2.82,-2.52|0.17,0.15,0.43,-5.30,-2.15,-2.24
0.49,0.01,0.13,-8.81,-2.24,-1.24|0.09,-0.21,0.96,-3.14,3.80,-3.93|0.18,0.14,0.43,-5.01,-2.07,-3.15
0.50,0.02,0.12,-9.34,-1.93,-1.85|0.10,-0.20,0.96,-2.98,3.74,-5.50|0.18,0.15,0.43,-4.32,-2.56,-3.62
0.50,0.01,0.13,-8.25,-1.44,-2.85|0.10,-0.20,0.96,-3.82,3.90,-4.15|0.18,0.15,0.43,-4.30,-2.79,-2.75
0.50,0.01,0.13,-8.47,-1.26,-2.70|0.10,-0.21,0.96,-4.77,4.63,-6.74|0.18,0.15,0.44,-4.69,-2.82,-1.71
0.49,0.01,0.12,-8.78,-0.19,-2.51|0.10,-0.20,0.96,-5.67,5.42,-7.50|0.18,0.15,0.43,-5.69,-3.92,-2.50
0.49,0.01,0.12,-7.55,0.11,-2.52|0.10,-0.20,0.96,-6.20,5.32,-7.60|0.18,0.14,0.43,-5.82,-5.44,-3.02
0.50,0.01,0.13,-8.46,-0.39,-2.04|0.10,-0.20,0.96,-6.74,4.52,-7.73|0.18,0.15,0.44,-6.47,-6.37,-3.81
0.50,0.01,0.13,-8.56,1.24,-1.90|0.10,-0.20,0.96,-6.17,3.92,-6.13|0.17,0.15,0.42,-6.00,-6.61,-4.81
0.49,0.02,0.13,-10.81,-1.59,-1.71|0.10,-0.20,0.96,-5.73,3.82,-6.50|0.17,0.15,0.43,-4.44,-5.98,-3.95
0.49,0.02,0.13,-10.82,-0.25,-1.73|0.10,-0.20,0.95,-5.31,4.01,-8.56|0.17,0.15,0.43,-3.81,-5.28,-5.50
0.50,0.01,0.14,-9.86,-0.92,-2.41|0.10,-0.20,0.96,-4.15,3.89,-8.26|0.18,0.15,0.43,-3.87,-4.60,-5.62
0.49,0.02,0.14,-11.22,-0.20,-2.41|0.10,-0.20,0.96,-4.00,4.02,-8.76|0.18,0.15,0.43,-3.85,-3.95,-5.54
0.50,0.02,0.14,-10.68,-0.39,-2.77|0.10,-0.20,0.95,-4.25,4.26,-7.96|0.18,0.15,0.43,-3.92,-3.53,-5.71
0.50,0.02,0.13,-10.60,-1.68,-2.58|0.10,-0.20,0.96,-4.60,4.78,-7.83|0.18,0.15,0.43,-4.87,-3.75,-4.97
0.50,0.02,0.13,-10.60,-2.08,-2.63|0.10,-0.20,0.96,-5.33,5.50,-7.29|0.19,0.15,0.43,-6.09,-4.24,-5.39
0.50,0.02,0.13,-10.80,-2.37,-2.89|0.10,-0.20,0.95,-5.70,6.27,-6.40|0.18,0.15,0.43,-7.40,-5.11,-3.50
0.49,0.02,0.13,-10.00,-0.72,-3.19|0.10,-0.20,0.96,-6.38,6.24,-5.93|0.19,0.15,0.43,-7.72,-5.85,-4.84
0.49,0.01,0.14,-10.88,-1.82,-2.60|0.10,-0.19,0.95,-6.37,5.80,-4.24|0.18,0.15,0.43,-7.41,-6.49,-3.35
0.49,0.01,0.14,-11.84,-1.64,-3.66|0.10,-0.20,0.95,-6.42,5.62,-2.85|0.18,0.15,0.43,-7.80,-7.14,-4.02
0.50,0.01,0.14,-13.15,-2.53,-3.12|0.10,-0.20,0.96,-6.03,6.10,-2.22|0.18,0.15,0.43,-8.05,-6.97,-5.64
0.50,0.01,0.13,-11.18,-0.06,-3.10|0.10,-0.20,0.96,-5.08,6.68,-3.24|0.17,0.15,0.43,-6.91,-6.10,-4.66
0.49,0.01,0.14,-10.52,-1.19,-2.70|0.10,-0.20,0.96,-4.90,6.86,-2.28|0.17,0.15,0.42,-5.90,-4.97,-5.30
0.49,0.01,0.12,-10.38,-0.81,-2.08|0.11,-0.20,0.96,-4.62,6.27,-1.50|0.17,0.15,0.42,-6.02,-3.88,-6.16
0.50,0.02,0.13,-10.73,-4.16,-2.11|0.11,-0.20,0.96,-3.61,5.63,-1.24|0.18,0.16,0.43,-6.94,-1.91,-3.66
0.50,0.02,0.14,-9.55,-0.87,-2.40|0.10,-0.21,0.96,-2.49,4.76,-3.37|0.18,0.15,0.43,-5.69,-0.65,-3.56
0.49,0.02,0.13,-9.64,-2.38,-2.06|0.10,-0.20,0.96,-1.61,2.98,-3.44|0.18,0.15,0.43,-3.96,-1.58,-1.83
0.50,0.02,0.14,-9.25,-1.80,-2.26|0.10,-0.21,0.96,-0.22,1.19,-2.06|0.18,0.15,0.43,-4.24,-1.92,-5.31
0.49,0.02,0.13,-9.79,-3.23,-2.35|0.10,-0.20,0.96,0.00,0.66,-2.97|0.19,0.15,0.43,-4.81,-2.62,-2.55
0.49,0.02,0.13,-7.31,-1.83,-2.89|0.09,-0.20,0.96,-0.53,0.96,-2.41|0.18,0.15,0.44,-5.18,-2.74,-1.32
0.50,0.02,0.14,-6.57,-1.27,-2.94|0.09,-0.20,0.96,-1.31,1.02,-1.00|0.18,0.15,0.43,-5.21,-3.19,-0.69
0.50,0.02,0.13,-6.31,-1.59,-3.21|0.09,-0.20,0.95,-1.88,1.60,-0.24|0.18,0.15,0.43,-5.83,-4.16,-0.85
0.49,0.02,0.13,-6.75,-1.23,-2.53|0.09,-0.20,0.96,-2.40,2.81,1.19|0.18,0.15,0.43,-6.31,-3.91,-0.76
0.50,0.03,0.13,-6.18,-0.78,-2.44|0.09,-0.20,0.96,-2.92,4.18,-0.51|0.19,0.15,0.43,-5.63,-3.34,-0.58
0.49,0.02,0.13,-5.08,-1.37,-2.32|0.09,-0.20,0.96,-3.82,4.50,0.44|0.18,0.15,0.43,-4.44,-2.83,0.93
0.49,0.03,0.13,-4.10,-1.28,-2.46|0.09,-0.20,0.96,-4.66,4.48,1.32|0.18,0.15,0.42,-4.36,-2.19,1.08
0.50,0.03,0.13,-2.95,-1.28,-2.36|0.09,-0.20,0.96,-4.94,3.79,3.00|0.19,0.15,0.43,-4.60,-1.27,3.42
0.50,0.03,0.14,-3.42,-1.70,-1.61|0.09,-0.20,0.96,-4.40,3.55,3.90|0.19,0.15,0.43,-3.83,-0.86,3.29
0.50,0.03,0.13,-2.66,-1.76,-1.77|0.09,-0.20,0.96,-3.24,3.24,4.04|0.19,0.15,0.43,-2.79,-1.99,4.36
0.50,0.03,0.13,-1.85,-1.60,-1.74|0.09,-0.20,0.96,-1.68,2.66,2.85|0.19,0.15,0.43,-2.39,-2.47,2.93
0.49,0.03,0.13,-2.83,-1.88,-1.37|0.09,-0.20,0.96,-0.89,2.03,3.37|0.19,0.15,0.43,-2.31,-2.86,4.02
0.50,0.03,0.13,-1.74,-0.14,-1.70|0.09,-0.21,0.96,-0.67,1.31,3.11|0.19,0.14,0.43,-2.15,-2.41,3.90
0.49,0.02,0.13,-2.55,-1.47,-1.04|0.09,-0.21,0.97,-0.70,0.66,2.07|0.18,0.15,0.43,-2.66,-2.45,3.10
0.49,0.03,0.13,-2.19,-2.07,-0.97|0.09,-0.21,0.96,-0.76,0.37,2.63|0.18,0.15,0.43,-3.50,-2.00,3.17
0.50,0.02,0.13,-3.48,-2.00,-0.79|0.09,-0.20,0.96,-2.15,0.66,2.71|0.18,0.14,0.43,-4.46,-1.97,2.93
0.49,0.03,0.13,-2.18,-1.92,-0.61|0.09,-0.21,0.96,-3.09,1.60,1.84|0.18,0.15,0.43,-4.29,-0.95,2.63
0.50,0.02,0.13,-3.15,-2.60,-0.42|0.09,-0.20,0.96,-3.47,2.23,2.83|0.18,0.14,0.43,-4.05,-1.04,3.11
0.49,0.02,0.13,-2.35,-2.02,-0.23|0.09,-0.20,0.96,-3.51,2.84,1.24|0.18,0.15,0.43,-3.98,-0.56,1.75
0.50,0.02,0.14,-1.46,-3.79,-0.37|0.09,-0.19,0.96,-3.49,3.24,2.10|0.18,0.15,0.43,-4.49,-0.21,4.57
0.50,0.02,0.13,-1.88,-3.52,0.13|0.09,-0.20,0.96,-3.26,3.16,3.18|0.18,0.15,0.43,-4.92,0.02,4.86
0.50,0.02,0.13,-0.63,-3.60,0.22|0.10,-0.19,0.97,-2.76,2.74,3.85|0.18,0.15,0.43,-5.14,-0.16,5.60
0.50,0.02,0.13,1.12,-3.01,0.27|0.10,-0.19,0.96,-2.40,1.91,5.44|0.18,0.15,0.42,-5.24,0.17,6.04
0.50,0.02,0.13,0.60,-3.31,-0.18|0.10,-0.20,0.96,-1.17,0.95,6.47|0.18,0.15,0.43,-4.80,0.50,7.11
0.49,0.02,0.13,0.27,-3.25,-0.74|0.10,-0.20,0.95,0.92,-1.23,5.64|0.19,0.15,0.43,-2.93,0.15,7.97
0.50,0.03,0.13,1.04,-2.55,-1.24|0.09,-0.20,0.96,2.65,-2.46,5.95|0.18,0.14,0.43,-1.14,-0.83,5.46
0.50,0.02,0.13,0.64,-1.67,-0.98|0.09,-0.20,0.96,2.36,-2.55,4.81|0.18,0.14,0.43,0.47,-1.50,5.86
0.49,0.02,0.13,0.98,-1.37,-1.63|0.09,-0.20,0.96,0.64,-1.76,4.55|0.18,0.15,0.43,-0.36,-2.08,6.69
0.50,0.02,0.13,0.74,-1.17,-1.22|0.08,-0.20,0.96,-1.60,-0.76,6.44|0.18,0.14,0.43,-1.61,-1.73,6.45
0.50,0.02,0.13,1.81,-0.31,-1.23|0.09,-0.19,0.96,-3.34,-0.53,6.29|0.18,0.14,0.43,-2.17,-1.80,8.02
0.49,0.03,0.13,1.44,-1.01,-0.62|0.08,-0.20,0.96,-4.96,0.76,7.95|0.18,0.14,0.43,-1.62,-1.79,7.25
0.50,0.02,0.13,0.84,0.02,-1.12|0.09,-0.20,0.96,-5.62,2.50,5.31|0.18,0.14,0.43,-1.14,-1.92,5.23
0.49,0.02,0.13,0.04,-0.04,-1.11|0.09,-0.20,0.96,-5.94,3.48,6.89|0.18,0.14,0.43,-1.19,-2.31,6.22
0.49,0.03,0.13,-0.81,0.39,-1.35|0.09,-0.21,0.96,-5.47,3.46,4.60|0.18,0.14,0.43,-1.31,-2.03,4.31
0.50,0.03,0.14,-0.76,-0.20,-2.01|0.10,-0.20,0.96,-4.40,2.66,5.09|0.18,0.14,0.43,-0.97,-2.12,5.23
0.50,0.03,0.13,-1.27,-0.36,-2.34|0.10,-0.21,0.96,-3.90,1.94,3.12|0.18,0.14,0.43,-0.90,-1.92,3.29
0.50,0.03,0.13,-1.82,-0.32,-2.69|0.09,-0.20,0.96,-3.38,0.79,3.57|0.18,0.14,0.43,-1.50,-2.66,5.15
0.50,0.03,0.13,-2.38,-1.62,-2.89|0.09,-0.20,0.96,-3.07,0.43,4.80|0.19,0.14,0.43,-2.92,-2.92,4.18
0.49,0.03,0.13,-1.23,-0.89,-3.08|0.09,-0.21,0.96,-2.70,1.02,2.98|0.19,0.14,0.43,-4.05,-3.63,3.80
0.49,0.03,0.14,-0.88,-1.28,-2.68|0.09,-0.20,0.96,-2.70,1.05,4.44|0.18,0.14,0.43,-4.46,-3.96,5.45
0.49,0.03,0.13,-0.57,-2.27,-3.15|0.09,-0.21,0.96,-2.75,1.66,4.72|0.18,0.15,0.43,-5.44,-3.54,4.89
0.50,0.03,0.13,-1.45,-1.60,-2.18|0.08,-0.20,0.96,-2.64,2.60,4.82|0.18,0.15,0.43,-5.15,-3.34,5.31
0.49,0.02,0.13,-0.18,-0.98,-1.73|0.09,-0.20,0.96,-2.66,3.21,4.32|0.18,0.15,0.42,-3.76,-3.50,4.56
0.50,0.03,0.14,-0.77,-1.65,-0.83|0.09,-0.21,0.96,-2.85,3.52,5.08|0.18,0.15,0.42,-2.98,-3.37,4.31
0.49,0.02,0.13,-0.64,-1.18,-0.24|0.09,-0.20,0.97,-3.89,3.89,3.86|0.18,0.15,0.43,-2.63,-2.40,3.09
0.50,0.03,0.14,-1.14,-1.56,0.35|0.10,-0.21,0.96,-4.02,2.74,3.57|0.18,0.15,0.43,-2.04,-0.96,4.88
0.50,0.03,0.13,-1.72,-1.55,0.32|0.10,-0.21,0.96,-3.43,1.23,2.62|0.18,0.14,0.43,-1.08,0.50,3.57
0.49,0.03,0.13,-2.18,-1.83,0.01|0.09,-0.20,0.96,-2.02,-0.52,2.92|0.18,0.15,0.43,-0.34,0.94,3.92
0.50,0.03,0.13,-2.83,-2.22,-0.12|0.09,-0.20,0.96,-1.05,-1.53,0.90|0.18,0.14,0.44,-0.73,1.20,3.02
0.49,0.03,0.12,-3.60,-1.73,-0.25|0.09,-0.20,0.96,-0.85,-1.34,0.98|0.19,0.14,0.43,-1.21,0.46,3.42
0.49,0.03,0.12,-4.55,-1.79,-0.18|0.09,-0.20,0.96,-1.22,-1.18,0.27|0.19,0.13,0.43,-2.01,-1.33,1.21
0.50,0.03,0.13,-4.36,0.73,-0.54|0.09,-0.21,0.95,-1.97,0.52,-0.50|0.18,0.14,0.43,-2.93,-2.93,0.05
